time	V(n003)	V(n005)
0.000000000000000e+000	2.358670e-005	1.970519e-001
9.999999824516700e-015	2.360501e-005	1.970522e-001
1.999999964903340e-014	2.362354e-005	1.970526e-001
3.999999929806680e-014	2.366154e-005	1.970533e-001
7.999999859613360e-014	2.374138e-005	1.970548e-001
1.599999971922672e-013	2.391606e-005	1.970582e-001
3.199999943845344e-013	2.432024e-005	1.970667e-001
6.399999887690688e-013	2.527893e-005	1.970886e-001
1.000000000000000e-012	2.649993e-005	1.971183e-001
1.191999996630721e-012	2.685642e-005	1.971310e-001
1.447999992138348e-012	2.726134e-005	1.971474e-001
1.959999983153603e-012	2.787749e-005	1.971782e-001
2.983999965184113e-012	2.862835e-005	1.972320e-001
5.031999929245134e-012	2.934188e-005	1.973194e-001
6.911948559984660e-012	2.961327e-005	1.973794e-001
9.666795814689596e-012	2.984798e-005	1.974415e-001
1.287477733452873e-011	3.018686e-005	1.974944e-001
1.849412946573646e-011	3.089105e-005	1.975646e-001
2.663713594362835e-011	3.193883e-005	1.976444e-001
4.292314889941213e-011	3.393394e-005	1.977619e-001
7.549517481097970e-011	3.765676e-005	1.979124e-001
1.359060180396305e-010	4.413501e-005	1.980668e-001
1.948941974788993e-010	5.001964e-005	1.981383e-001
2.867259308050254e-010	5.827389e-005	1.981735e-001
4.108404015847691e-010	6.745985e-005	1.981624e-001
6.590693431442564e-010	7.970547e-005	1.980611e-001
1.042382278078687e-009	8.688281e-005	1.978369e-001
1.476205453055155e-009	8.070597e-005	1.975376e-001
2.023271849089660e-009	5.755184e-005	1.971271e-001
2.568127949857054e-009	2.440725e-005	1.967070e-001
3.179791957315922e-009	-1.916995e-005	1.962134e-001
3.759640549172396e-009	-6.585071e-005	1.956101e-001
4.116956612591477e-009	-1.024263e-004	1.950007e-001
4.409918377286281e-009	-1.434158e-004	1.942464e-001
4.710296015724954e-009	-1.978909e-004	1.933048e-001
5.052217172037010e-009	-2.706214e-004	1.922084e-001
5.396949588854965e-009	-3.459549e-004	1.912750e-001
5.907487549504422e-009	-4.408290e-004	1.904243e-001
6.378028883246575e-009	-4.872527e-004	1.904301e-001
6.867466801764291e-009	-4.598203e-004	1.916588e-001
7.401639606610414e-009	-3.127713e-004	1.947494e-001
7.900213681521541e-009	-3.535044e-005	1.996528e-001
8.362035372002607e-009	3.683467e-004	2.061761e-001
8.773287124577826e-009	8.561042e-004	2.134452e-001
9.218035749395519e-009	1.496500e-003	2.222261e-001
9.673983889081281e-009	2.221297e-003	2.314122e-001
1.034873941943179e-008	3.306114e-003	2.445859e-001
1.109074121587264e-008	4.424899e-003	2.586362e-001
1.179894759251482e-008	5.377841e-003	2.721343e-001
1.275676278598008e-008	6.509188e-003	2.909527e-001
1.376320714360930e-008	7.550766e-003	3.113227e-001
1.484236303189043e-008	8.514851e-003	3.336526e-001
1.605314275433238e-008	9.428229e-003	3.590071e-001
1.743418445763639e-008	1.028232e-002	3.880200e-001
1.876311074615586e-008	1.091805e-002	4.158269e-001
2.084566628920949e-008	1.164918e-002	4.590552e-001
2.278835881886410e-008	1.212472e-002	4.989618e-001
2.588154903378523e-008	1.263144e-002	5.618483e-001
2.901625798404080e-008	1.255412e-002	6.302273e-001
3.488141019357200e-008	8.641360e-003	8.011245e-001
3.848397056067656e-008	-5.152937e-004	9.932613e-001
4.215910115161578e-008	-1.839889e-002	1.338855e+000
4.608740621507331e-008	-3.995232e-002	1.890167e+000
5.098662973311205e-008	-6.055047e-002	2.792876e+000
5.615920994945834e-008	-5.613573e-002	3.917432e+000
5.852631889144157e-008	8.904754e-003	4.500804e+000
5.950263397749579e-008	1.244994e-001	4.786907e+000
6.019557357688883e-008	2.972210e-001	5.031332e+000
6.054642574008633e-008	4.204174e-001	5.171740e+000
6.090496193323838e-008	5.633491e-001	5.323360e+000
6.130377840687257e-008	7.255567e-001	5.493905e+000
6.210141135414096e-008	1.047291e+000	5.835101e+000
6.331863848345962e-008	1.532193e+000	6.355691e+000
6.445120046503697e-008	1.984029e+000	6.843874e+000
6.621216600574696e-008	2.698574e+000	7.615534e+000
6.871878026631001e-008	3.744791e+000	8.740693e+000
7.286675674610548e-008	5.537107e+000	1.065756e+001
7.820851025635773e-008	7.911527e+000	1.318218e+001
8.602101025635773e-008	1.127666e+001	1.674681e+001
9.383351025635774e-008	1.406749e+001	1.970843e+001
1.005525328223997e-007	1.578103e+001	2.154609e+001
1.059276486788368e-007	1.687747e+001	2.273395e+001
1.118845622375704e-007	1.806027e+001	2.404578e+001
1.165159461099655e-007	1.888588e+001	2.507739e+001
1.185955192266676e-007	1.912861e+001	2.552391e+001
1.215699245286292e-007	1.931118e+001	2.613238e+001
1.232393569396035e-007	1.937759e+001	2.646371e+001
1.256527609815966e-007	1.944173e+001	2.692912e+001
1.278716797027017e-007	1.948490e+001	2.734491e+001
1.303575259880710e-007	1.952015e+001	2.779420e+001
1.333874287920868e-007	1.955189e+001	2.831822e+001
1.365702478383241e-007	1.957643e+001	2.883652e+001
1.408922299871468e-007	1.960053e+001	2.948584e+001
1.453520469911689e-007	1.961871e+001	3.008881e+001
1.498810776986297e-007	1.963255e+001	3.063058e+001
1.522905319758522e-007	1.963842e+001	3.088187e+001
1.537752907972879e-007	1.964160e+001	3.101065e+001
1.548754172541924e-007	1.964377e+001	3.108125e+001
1.561606071372089e-007	1.964608e+001	3.113453e+001
1.575895064260550e-007	1.964826e+001	3.117200e+001
1.591154730357952e-007	1.965007e+001	3.119892e+001
1.605741841696155e-007	1.965134e+001	3.121729e+001
1.630592348058384e-007	1.965274e+001	3.123954e+001
1.667289494699119e-007	1.965401e+001	3.126267e+001
1.705072663696557e-007	1.965472e+001	3.127849e+001
1.751004509038465e-007	1.965517e+001	3.129065e+001
1.805108784051875e-007	1.965543e+001	3.129937e+001
1.880802623550113e-007	1.965562e+001	3.130634e+001
1.958927623550113e-007	1.965572e+001	3.131026e+001
2.037052623550113e-007	1.965577e+001	3.131230e+001
2.115177623550113e-007	1.965579e+001	3.131337e+001
2.193302623550113e-007	1.965581e+001	3.131394e+001
2.271427623550113e-007	1.965582e+001	3.131423e+001
2.349552623550113e-007	1.965582e+001	3.131435e+001
2.427677623550113e-007	1.965582e+001	3.131437e+001
2.505802623550113e-007	1.965582e+001	3.131433e+001
2.583927623550112e-007	1.965582e+001	3.131423e+001
2.662052623550112e-007	1.965582e+001	3.131409e+001
2.740177623550112e-007	1.965582e+001	3.131391e+001
2.818302623550112e-007	1.965581e+001	3.131369e+001
2.896427623550112e-007	1.965581e+001	3.131342e+001
2.974552623550111e-007	1.965581e+001	3.131310e+001
3.052677623550111e-007	1.965580e+001	3.131272e+001
3.130802623550111e-007	1.965580e+001	3.131226e+001
3.208927623550111e-007	1.965579e+001	3.131171e+001
3.287052623550110e-007	1.965578e+001	3.131105e+001
3.365177623550110e-007	1.965577e+001	3.131026e+001
3.443302623550110e-007	1.965576e+001	3.130931e+001
3.521427623550110e-007	1.965575e+001	3.130817e+001
3.599552623550110e-007	1.965574e+001	3.130681e+001
3.677677623550109e-007	1.965572e+001	3.130521e+001
3.755802623550109e-007	1.965569e+001	3.130336e+001
3.833927623550109e-007	1.965567e+001	3.130125e+001
3.912052623550109e-007	1.965564e+001	3.129892e+001
3.990177623550109e-007	1.965561e+001	3.129638e+001
4.068302623550108e-007	1.965557e+001	3.129369e+001
4.146427623550108e-007	1.965554e+001	3.129087e+001
4.224552623550108e-007	1.965550e+001	3.128797e+001
4.302677623550108e-007	1.965546e+001	3.128502e+001
4.380802623550107e-007	1.965542e+001	3.128203e+001
4.458927623550107e-007	1.965538e+001	3.127902e+001
4.537052623550107e-007	1.965534e+001	3.127602e+001
4.615177623550107e-007	1.965530e+001	3.127303e+001
4.693302623550107e-007	1.965526e+001	3.127007e+001
4.771427623550106e-007	1.965522e+001	3.126715e+001
4.849552623550106e-007	1.965518e+001	3.126428e+001
4.927677623550106e-007	1.965514e+001	3.126145e+001
5.005802623550106e-007	1.965511e+001	3.125867e+001
5.083927623550105e-007	1.965507e+001	3.125595e+001
5.162052623550105e-007	1.965503e+001	3.125328e+001
5.240177623550105e-007	1.965500e+001	3.125066e+001
5.318302623550105e-007	1.965496e+001	3.124810e+001
5.396427623550105e-007	1.965493e+001	3.124558e+001
5.474552623550104e-007	1.965489e+001	3.124313e+001
5.552677623550104e-007	1.965486e+001	3.124072e+001
5.630802623550104e-007	1.965483e+001	3.123837e+001
5.708927623550104e-007	1.965480e+001	3.123606e+001
5.787052623550104e-007	1.965477e+001	3.123381e+001
5.865177623550103e-007	1.965473e+001	3.123161e+001
5.943302623550103e-007	1.965471e+001	3.122945e+001
6.021427623550103e-007	1.965467e+001	3.122735e+001
6.099552623550103e-007	1.965465e+001	3.122529e+001
6.177677623550102e-007	1.965462e+001	3.122327e+001
6.255802623550102e-007	1.965459e+001	3.122131e+001
6.333927623550102e-007	1.965457e+001	3.121938e+001
6.412052623550102e-007	1.965454e+001	3.121750e+001
6.490177623550102e-007	1.965451e+001	3.121566e+001
6.568302623550101e-007	1.965449e+001	3.121387e+001
6.646427623550101e-007	1.965446e+001	3.121211e+001
6.724552623550101e-007	1.965444e+001	3.121039e+001
6.802677623550101e-007	1.965442e+001	3.120871e+001
6.880802623550100e-007	1.965439e+001	3.120707e+001
6.958927623550100e-007	1.965437e+001	3.120547e+001
7.037052623550100e-007	1.965435e+001	3.120390e+001
7.115177623550100e-007	1.965433e+001	3.120237e+001
7.193302623550100e-007	1.965431e+001	3.120087e+001
7.271427623550099e-007	1.965429e+001	3.119941e+001
7.349552623550099e-007	1.965427e+001	3.119797e+001
7.427677623550099e-007	1.965425e+001	3.119658e+001
7.505802623550099e-007	1.965423e+001	3.119521e+001
7.662052623550098e-007	1.965419e+001	3.119256e+001
7.740177623550098e-007	1.965417e+001	3.119128e+001
7.818302623550098e-007	1.965416e+001	3.119003e+001
7.896427623550098e-007	1.965414e+001	3.118881e+001
7.974552623550097e-007	1.965412e+001	3.118761e+001
8.052677623550097e-007	1.965411e+001	3.118645e+001
8.130802623550097e-007	1.965409e+001	3.118530e+001
8.208927623550097e-007	1.965408e+001	3.118418e+001
8.287052623550097e-007	1.965406e+001	3.118309e+001
8.365177623550096e-007	1.965405e+001	3.118202e+001
8.443302623550096e-007	1.965403e+001	3.118097e+001
8.521427623550096e-007	1.965401e+001	3.117995e+001
8.599552623550096e-007	1.965400e+001	3.117895e+001
8.677677623550095e-007	1.965399e+001	3.117797e+001
8.755802623550095e-007	1.965397e+001	3.117701e+001
8.833927623550095e-007	1.965396e+001	3.117607e+001
8.912052623550095e-007	1.965395e+001	3.117515e+001
8.990177623550095e-007	1.965394e+001	3.117425e+001
9.068302623550094e-007	1.965392e+001	3.117337e+001
9.146427623550094e-007	1.965391e+001	3.117251e+001
9.224552623550094e-007	1.965390e+001	3.117166e+001
9.380802623550093e-007	1.965388e+001	3.117003e+001
9.537052623550094e-007	1.965385e+001	3.116846e+001
9.615177623550094e-007	1.965384e+001	3.116770e+001
9.693302623550094e-007	1.965383e+001	3.116695e+001
9.771427623550093e-007	1.965382e+001	3.116622e+001
9.849552623550093e-007	1.965381e+001	3.116551e+001
9.927677623550093e-007	1.965386e+001	3.116490e+001
9.927687623550093e-007	1.965386e+001	3.116489e+001
9.927707623550094e-007	1.965385e+001	3.116488e+001
9.927747623550095e-007	1.965383e+001	3.116485e+001
9.927827623550097e-007	1.965382e+001	3.116483e+001
9.927987623550102e-007	1.965381e+001	3.116481e+001
9.928168127641843e-007	1.965381e+001	3.116480e+001
9.928475809601642e-007	1.965380e+001	3.116480e+001
9.929081254166504e-007	1.965380e+001	3.116479e+001
9.930292143296226e-007	1.965380e+001	3.116478e+001
9.932713921555670e-007	1.965380e+001	3.116476e+001
9.947244591112335e-007	1.965380e+001	3.116463e+001
9.966618817187888e-007	1.965380e+001	3.116446e+001
9.966648817187889e-007	1.965380e+001	3.116446e+001
9.966688817187890e-007	1.965380e+001	3.116446e+001
1.000001000000000e-006	1.965379e+001	3.116416e+001
1.000001100000000e-006	1.965379e+001	3.116416e+001
1.000001300000000e-006	1.965379e+001	3.116415e+001
1.000001700000000e-006	1.965379e+001	3.116413e+001
1.000002000000000e-006	1.965379e+001	3.116412e+001
1.000002080000000e-006	1.965379e+001	3.116412e+001
1.000002240000000e-006	1.965379e+001	3.116412e+001
1.000002560000000e-006	1.965379e+001	3.116411e+001
1.000003200000000e-006	1.965379e+001	3.116410e+001
1.000004480000000e-006	1.965379e+001	3.116408e+001
1.000007040000000e-006	1.965379e+001	3.116405e+001
1.000012160000000e-006	1.965379e+001	3.116401e+001
1.000022400000001e-006	1.965379e+001	3.116396e+001
1.000042880000001e-006	1.965379e+001	3.116391e+001
1.000071107791380e-006	1.965379e+001	3.116392e+001
1.000102324993943e-006	1.965379e+001	3.116396e+001
1.000143101952214e-006	1.965379e+001	3.116402e+001
1.000198072621584e-006	1.965379e+001	3.116408e+001
1.000292790738910e-006	1.965380e+001	3.116414e+001
1.000427692366493e-006	1.965380e+001	3.116418e+001
1.000583062807795e-006	1.965380e+001	3.116419e+001
1.000792759351253e-006	1.965380e+001	3.116421e+001
1.001205209754881e-006	1.965380e+001	3.116424e+001
1.002030110562137e-006	1.965380e+001	3.116429e+001
1.003545099419657e-006	1.965380e+001	3.116434e+001
1.005073204435193e-006	1.965380e+001	3.116438e+001
1.007012739706297e-006	1.965380e+001	3.116440e+001
1.008995164343474e-006	1.965380e+001	3.116434e+001
1.010162488344802e-006	1.965380e+001	3.116420e+001
1.010976286384311e-006	1.965379e+001	3.116397e+001
1.011683319194678e-006	1.965378e+001	3.116357e+001
1.012383032141242e-006	1.965377e+001	3.116285e+001
1.013172053109498e-006	1.965375e+001	3.116143e+001
1.013895324006735e-006	1.965371e+001	3.115926e+001
1.014702458794443e-006	1.965364e+001	3.115538e+001
1.015547663803444e-006	1.965353e+001	3.114921e+001
1.016566802535840e-006	1.965334e+001	3.113831e+001
1.017789474470733e-006	1.965302e+001	3.111967e+001
1.019475757450148e-006	1.965244e+001	3.108463e+001
1.021110363187189e-006	1.965173e+001	3.104119e+001
1.022123113106845e-006	1.965122e+001	3.100836e+001
1.023001253759433e-006	1.965070e+001	3.097530e+001
1.023930575791965e-006	1.965010e+001	3.093577e+001
1.025276859338287e-006	1.964909e+001	3.087023e+001
1.027481103898689e-006	1.964715e+001	3.074556e+001
1.029928996786621e-006	1.964459e+001	3.058379e+001
1.032330577856878e-006	1.964157e+001	3.039776e+001
1.035323162543466e-006	1.963693e+001	3.012568e+001
1.039425271301018e-006	1.962860e+001	2.968188e+001
1.045465706355585e-006	1.961132e+001	2.890086e+001
1.051712826156898e-006	1.958374e+001	2.794521e+001
1.057663832174978e-006	1.953859e+001	2.688871e+001
1.063302148643889e-006	1.944994e+001	2.575315e+001
1.069093588272019e-006	1.925059e+001	2.446112e+001
1.072314767520931e-006	1.897590e+001	2.366815e+001
1.075014948499026e-006	1.850188e+001	2.293206e+001
1.077880834365167e-006	1.777492e+001	2.208972e+001
1.080368807220351e-006	1.706537e+001	2.132461e+001
1.083147769171126e-006	1.620693e+001	2.040299e+001
1.087707588371178e-006	1.446697e+001	1.854992e+001
1.090437106833023e-006	1.296910e+001	1.697251e+001
1.091921192318804e-006	1.185967e+001	1.581451e+001
1.093282715961428e-006	1.068723e+001	1.459510e+001
1.094506534725146e-006	9.583245e+000	1.344761e+001
1.095750942567179e-006	8.439964e+000	1.225894e+001
1.096982045904178e-006	7.309135e+000	1.108128e+001
1.098699275503664e-006	5.759496e+000	9.461675e+000
1.100767451061875e-006	4.019374e+000	7.606978e+000
1.104321910614011e-006	1.451491e+000	4.696190e+000
1.106004840555505e-006	5.818855e-001	3.510277e+000
1.106890708735337e-006	3.212724e-001	2.990272e+000
1.107761308969685e-006	1.769401e-001	2.541668e+000
1.109109791541740e-006	4.314276e-002	1.910650e+000
1.110612892812080e-006	-4.324493e-002	1.265835e+000
1.111341636880726e-006	-6.530659e-002	9.784786e-001
1.111706731262151e-006	-7.081275e-002	8.448967e-001
1.111933614189179e-006	-7.288236e-002	7.663850e-001
1.112056437140091e-006	-7.370954e-002	7.258931e-001
1.112139262548264e-006	-7.413188e-002	6.998819e-001
1.112217940369373e-006	-7.443235e-002	6.764756e-001
1.112298651193351e-006	-7.465127e-002	6.544548e-001
1.112448761173500e-006	-7.480456e-002	6.181485e-001
1.112591663887167e-006	-7.468614e-002	5.884813e-001
1.112751143232573e-006	-7.421006e-002	5.612563e-001
1.112920047343021e-006	-7.332317e-002	5.384429e-001
1.113153684471960e-006	-7.147647e-002	5.151137e-001
1.113620958729838e-006	-6.662296e-002	4.815758e-001
1.114107730664585e-006	-6.070539e-002	4.560471e-001
1.114657709995169e-006	-5.359751e-002	4.348455e-001
1.115336947594728e-006	-4.513592e-002	4.151758e-001
1.116326614726913e-006	-3.420532e-002	3.941313e-001
1.117599829040476e-006	-2.265744e-002	3.750014e-001
1.118923860957531e-006	-1.347783e-002	3.615910e-001
1.120333644912530e-006	-6.462100e-003	3.523162e-001
1.122010041188976e-006	-8.051026e-004	3.455010e-001
1.124157659687505e-006	3.783765e-003	3.411628e-001
1.126825422784457e-006	7.196133e-003	3.416595e-001
1.129970765785962e-006	9.768913e-003	3.513567e-001
1.132659578785728e-006	1.153310e-002	3.680759e-001
1.134273172720043e-006	1.246193e-002	3.810511e-001
1.135645878535754e-006	1.304766e-002	3.917834e-001
1.136946136990793e-006	1.329169e-002	3.997829e-001
1.139007934241600e-006	1.312930e-002	4.074246e-001
1.141553708409397e-006	1.236777e-002	4.098739e-001
1.143809437224305e-006	1.140693e-002	4.062973e-001
1.145964688340866e-006	1.047584e-002	3.991086e-001
1.148083669432406e-006	9.745046e-003	3.904246e-001
1.150341429093669e-006	9.246107e-003	3.810362e-001
1.152515119764292e-006	9.031030e-003	3.728036e-001
1.154948605425367e-006	9.023476e-003	3.649762e-001
1.158000162697867e-006	9.177810e-003	3.567947e-001
1.160224369214316e-006	9.329979e-003	3.517317e-001
1.162301204829399e-006	9.463470e-003	3.475552e-001
1.164579084590495e-006	9.577473e-003	3.432938e-001
1.167122657650403e-006	9.666011e-003	3.387720e-001
1.170263873335432e-006	9.736284e-003	3.334746e-001
1.175035639497612e-006	9.809728e-003	3.260717e-001
1.182848139497612e-006	9.912893e-003	3.153720e-001
1.190660639497612e-006	1.000754e-002	3.062470e-001
1.198473139497612e-006	1.008439e-002	2.985453e-001
1.206285639497612e-006	1.014091e-002	2.919179e-001
1.214098139497612e-006	1.018393e-002	2.861338e-001
1.221910639497612e-006	1.021823e-002	2.810363e-001
1.229723139497612e-006	1.024537e-002	2.764989e-001
1.237535639497612e-006	1.026682e-002	2.724236e-001
1.245348139497612e-006	1.028402e-002	2.687368e-001
1.253160639497612e-006	1.029784e-002	2.653800e-001
1.260973139497612e-006	1.030890e-002	2.623061e-001
1.268785639497612e-006	1.031770e-002	2.594773e-001
1.276598139497611e-006	1.032464e-002	2.568623e-001
1.284410639497611e-006	1.033003e-002	2.544355e-001
1.292223139497611e-006	1.033408e-002	2.521754e-001
1.300035639497611e-006	1.033700e-002	2.500637e-001
1.307848139497611e-006	1.033893e-002	2.480851e-001
1.315660639497611e-006	1.034000e-002	2.462263e-001
1.323473139497611e-006	1.034031e-002	2.444759e-001
1.331285639497611e-006	1.033994e-002	2.428239e-001
1.346910639497611e-006	1.033746e-002	2.397820e-001
1.362535639497611e-006	1.033300e-002	2.370430e-001
1.378160639497611e-006	1.032688e-002	2.345617e-001
1.393785639497611e-006	1.031937e-002	2.323020e-001
1.401598139497611e-006	1.031514e-002	2.312460e-001
1.409410639497611e-006	1.031063e-002	2.302349e-001
1.417223139497611e-006	1.030586e-002	2.292658e-001
1.425035639497611e-006	1.030084e-002	2.283362e-001
1.432848139497611e-006	1.029558e-002	2.274438e-001
1.440660639497611e-006	1.029010e-002	2.265862e-001
1.448473139497611e-006	1.028441e-002	2.257615e-001
1.456285639497611e-006	1.027852e-002	2.249680e-001
1.464098139497611e-006	1.027244e-002	2.242038e-001
1.471910639497611e-006	1.026618e-002	2.234675e-001
1.479723139497611e-006	1.025975e-002	2.227575e-001
1.487535639497611e-006	1.025316e-002	2.220726e-001
1.503160639497611e-006	1.023952e-002	2.207730e-001
1.518785639497611e-006	1.022532e-002	2.195596e-001
1.534410639497611e-006	1.021060e-002	2.184245e-001
1.550035639497611e-006	1.019541e-002	2.173609e-001
1.565660639497611e-006	1.017979e-002	2.163627e-001
1.589098139497611e-006	1.015565e-002	2.149765e-001
1.612535639497611e-006	1.013074e-002	2.137097e-001
1.635973139497610e-006	1.010519e-002	2.125490e-001
1.659410639497610e-006	1.007907e-002	2.114831e-001
1.682848139497610e-006	1.005249e-002	2.105022e-001
1.701821353783324e-006	1.003060e-002	2.097722e-001
1.720794568069039e-006	1.000858e-002	2.090804e-001
1.739767782354753e-006	9.986423e-003	2.084268e-001
1.758740996640467e-006	9.964140e-003	2.078114e-001
1.777714210926181e-006	9.941726e-003	2.072343e-001
1.796687425211896e-006	9.919181e-003	2.066954e-001
1.815660639497610e-006	9.896506e-003	2.061947e-001
1.831285639497610e-006	9.877870e-003	2.057987e-001
1.839098139497610e-006	9.868548e-003	2.056078e-001
1.846910639497610e-006	9.859227e-003	2.054215e-001
1.854723139497610e-006	9.849904e-003	2.052395e-001
1.862535639497610e-006	9.840585e-003	2.050619e-001
1.870348139497610e-006	9.831270e-003	2.048885e-001
1.878160639497610e-006	9.821959e-003	2.047192e-001
1.885973139497610e-006	9.812655e-003	2.045538e-001
1.893785639497610e-006	9.803358e-003	2.043922e-001
1.901598139497610e-006	9.794069e-003	2.042344e-001
1.909410639497610e-006	9.784790e-003	2.040803e-001
1.917223139497610e-006	9.775520e-003	2.039297e-001
1.925035639497610e-006	9.766263e-003	2.037825e-001
1.932848139497610e-006	9.757018e-003	2.036388e-001
1.940660639497611e-006	9.747786e-003	2.034983e-001
1.948473139497611e-006	9.738569e-003	2.033610e-001
1.964098139497611e-006	9.720181e-003	2.030956e-001
1.979723139497612e-006	9.701857e-003	2.028421e-001
1.987535639497612e-006	9.692722e-003	2.027193e-001
1.992187500000000e-006	9.687291e-003	2.026477e-001
2.000000000000000e-006	9.680182e-003	2.025264e-001
2.000000100000000e-006	9.680360e-003	2.025307e-001
2.000000300000000e-006	9.680786e-003	2.025413e-001
2.000000700000000e-006	9.681845e-003	2.025689e-001
2.000001000000000e-006	9.682774e-003	2.025941e-001
2.000001075893728e-006	9.682897e-003	2.025992e-001
2.000001227681185e-006	9.683124e-003	2.026093e-001
2.000001531256100e-006	9.683502e-003	2.026287e-001
2.000002138405928e-006	9.684024e-003	2.026647e-001
2.000003352705585e-006	9.684555e-003	2.027265e-001
2.000005437166203e-006	9.684832e-003	2.028109e-001
2.000007419892485e-006	9.684850e-003	2.028699e-001
2.000010300951788e-006	9.684891e-003	2.029305e-001
2.000013826737656e-006	9.685121e-003	2.029850e-001
2.000019944798816e-006	9.685756e-003	2.030575e-001
2.000029271957129e-006	9.686851e-003	2.031439e-001
2.000047926273753e-006	9.689025e-003	2.032681e-001
2.000085234907003e-006	9.693137e-003	2.034241e-001
2.000142837035332e-006	9.699104e-003	2.035554e-001
2.000206929121518e-006	9.705255e-003	2.036224e-001
2.000299873798104e-006	9.713189e-003	2.036501e-001
2.000440805262330e-006	9.722739e-003	2.036270e-001
2.000722668190783e-006	9.733459e-003	2.034938e-001
2.001286394047689e-006	9.733290e-003	2.031263e-001
2.002038778279068e-006	9.705845e-003	2.025642e-001
2.002779693090308e-006	9.660162e-003	2.019715e-001
2.003680264934980e-006	9.589286e-003	2.010413e-001
2.004266173282980e-006	9.524406e-003	1.999575e-001
2.004765751005165e-006	9.443704e-003	1.985416e-001
2.005144088867851e-006	9.367026e-003	1.973671e-001
2.005538076847290e-006	9.286353e-003	1.963877e-001
2.006057475949383e-006	9.213042e-003	1.958805e-001
2.006747052091941e-006	9.213831e-003	1.969174e-001
2.007369964375172e-006	9.360458e-003	2.001368e-001
2.007936139292844e-006	9.673070e-003	2.057302e-001
2.008459557525496e-006	1.015048e-002	2.134591e-001
2.009006571333957e-006	1.083532e-002	2.235544e-001
2.009614013407582e-006	1.173466e-002	2.356618e-001
2.010222703173184e-006	1.267427e-002	2.476109e-001
2.010885010223892e-006	1.364243e-002	2.601610e-001
2.011598146084186e-006	1.457155e-002	2.736481e-001
2.012509067373169e-006	1.560662e-002	2.913454e-001
2.013473822041677e-006	1.655971e-002	3.106803e-001
2.014489879585521e-006	1.741767e-002	3.315582e-001
2.015889895147895e-006	1.840959e-002	3.607526e-001
2.017172637930939e-006	1.914892e-002	3.876375e-001
2.018524039190108e-006	1.974630e-002	4.158949e-001
2.020426138526612e-006	2.036338e-002	4.553775e-001
2.022389800012541e-006	2.080542e-002	4.957346e-001
2.025182269216351e-006	2.122715e-002	5.525309e-001
2.028268984922983e-006	2.142286e-002	6.163267e-001
2.033485692779117e-006	1.995933e-002	7.439526e-001
2.037060481991442e-006	1.440876e-002	8.880997e-001
2.040374333383739e-006	2.102418e-003	1.131378e+000
2.044281460377253e-006	-1.781528e-002	1.592215e+000
2.049067774702624e-006	-3.976046e-002	2.377976e+000
2.054033647634038e-006	-5.532138e-002	3.375240e+000
2.056347339922035e-006	-5.905837e-002	3.895154e+000
2.057757707510547e-006	-5.399176e-002	4.231948e+000
2.058578501586639e-006	-3.422750e-002	4.437792e+000
2.059105178678012e-006	5.108593e-003	4.581630e+000
2.059682361591634e-006	9.585185e-002	4.760426e+000
2.060323435279640e-006	2.560680e-001	4.986299e+000
2.060661683353060e-006	3.699520e-001	5.119194e+000
2.060973154543027e-006	4.917902e-001	5.249596e+000
2.061284987546252e-006	6.186568e-001	5.382649e+000
2.061908653552700e-006	8.726326e-001	5.649657e+000
2.062868295955414e-006	1.257408e+000	6.059454e+000
2.063907362120964e-006	1.670185e+000	6.504002e+000
2.065266839031050e-006	2.214060e+000	7.091820e+000
2.067164352425370e-006	2.988345e+000	7.927044e+000
2.069794525641774e-006	4.093846e+000	9.114238e+000
2.074283476073148e-006	6.047255e+000	1.119999e+001
2.080323804369655e-006	8.731675e+000	1.405058e+001
2.088136304369655e-006	1.199022e+001	1.750160e+001
2.095948804369655e-006	1.454765e+001	2.022121e+001
2.103761304369655e-006	1.636985e+001	2.218253e+001
2.108786784157156e-006	1.738448e+001	2.328273e+001
2.114862869820334e-006	1.859118e+001	2.463713e+001
2.117171947821362e-006	1.895023e+001	2.514514e+001
2.119617521450912e-006	1.917713e+001	2.566001e+001
2.122351821104016e-006	1.932658e+001	2.621318e+001
2.124867121916641e-006	1.941089e+001	2.670434e+001
2.128074133022225e-006	1.947866e+001	2.730645e+001
2.131753421239762e-006	1.952919e+001	2.796221e+001
2.136573878605980e-006	1.957146e+001	2.875853e+001
2.142335015323522e-006	1.960344e+001	2.960494e+001
2.149751713884609e-006	1.963036e+001	3.054801e+001
2.152977225632489e-006	1.963881e+001	3.088968e+001
2.154813227892826e-006	1.964267e+001	3.103557e+001
2.156134000095660e-006	1.964516e+001	3.110327e+001
2.157500412791792e-006	1.964741e+001	3.114513e+001
2.158649132032860e-006	1.964894e+001	3.116854e+001
2.160128943772303e-006	1.965044e+001	3.119015e+001
2.161943818622047e-006	1.965172e+001	3.120941e+001
2.165573568321534e-006	1.965331e+001	3.123632e+001
2.169455539616223e-006	1.965427e+001	3.125572e+001
2.173729794938398e-006	1.965480e+001	3.126916e+001
2.178657202983026e-006	1.965511e+001	3.127872e+001
2.185320633533549e-006	1.965533e+001	3.128631e+001
2.193133133533549e-006	1.965545e+001	3.129129e+001
2.200945633533549e-006	1.965552e+001	3.129393e+001
2.208758133533549e-006	1.965555e+001	3.129531e+001
2.216570633533550e-006	1.965557e+001	3.129605e+001
2.224383133533550e-006	1.965557e+001	3.129643e+001
2.232195633533550e-006	1.965558e+001	3.129661e+001
2.240008133533550e-006	1.965558e+001	3.129667e+001
2.247820633533550e-006	1.965558e+001	3.129665e+001
2.255633133533551e-006	1.965558e+001	3.129657e+001
2.263445633533551e-006	1.965558e+001	3.129645e+001
2.271258133533551e-006	1.965558e+001	3.129628e+001
2.279070633533551e-006	1.965558e+001	3.129608e+001
2.286883133533551e-006	1.965557e+001	3.129583e+001
2.294695633533552e-006	1.965557e+001	3.129553e+001
2.302508133533552e-006	1.965557e+001	3.129517e+001
2.310320633533552e-006	1.965556e+001	3.129475e+001
2.318133133533552e-006	1.965556e+001	3.129424e+001
2.325945633533552e-006	1.965555e+001	3.129362e+001
2.333758133533553e-006	1.965554e+001	3.129289e+001
2.341570633533553e-006	1.965553e+001	3.129200e+001
2.349383133533553e-006	1.965552e+001	3.129094e+001
2.357195633533553e-006	1.965550e+001	3.128967e+001
2.365008133533553e-006	1.965549e+001	3.128817e+001
2.372820633533553e-006	1.965547e+001	3.128642e+001
2.380633133533554e-006	1.965544e+001	3.128441e+001
2.388445633533554e-006	1.965542e+001	3.128216e+001
2.396258133533554e-006	1.965538e+001	3.127970e+001
2.404070633533554e-006	1.965535e+001	3.127707e+001
2.411883133533554e-006	1.965532e+001	3.127429e+001
2.419695633533555e-006	1.965528e+001	3.127142e+001
2.427508133533555e-006	1.965524e+001	3.126849e+001
2.435320633533555e-006	1.965520e+001	3.126551e+001
2.443133133533555e-006	1.965516e+001	3.126251e+001
2.450945633533555e-006	1.965512e+001	3.125950e+001
2.458758133533556e-006	1.965508e+001	3.125651e+001
2.466570633533556e-006	1.965504e+001	3.125354e+001
2.474383133533556e-006	1.965500e+001	3.125061e+001
2.482195633533556e-006	1.965496e+001	3.124771e+001
2.490008133533556e-006	1.965492e+001	3.124487e+001
2.497820633533557e-006	1.965488e+001	3.124207e+001
2.505633133533557e-006	1.965484e+001	3.123933e+001
2.513445633533557e-006	1.965481e+001	3.123664e+001
2.521258133533557e-006	1.965477e+001	3.123400e+001
2.536883133533557e-006	1.965470e+001	3.122888e+001
2.552508133533558e-006	1.965463e+001	3.122398e+001
2.568133133533558e-006	1.965457e+001	3.121929e+001
2.591570633533559e-006	1.965448e+001	3.121262e+001
2.615008133533559e-006	1.965439e+001	3.120639e+001
2.638445633533560e-006	1.965431e+001	3.120057e+001
2.661883133533560e-006	1.965423e+001	3.119513e+001
2.685320633533561e-006	1.965416e+001	3.119005e+001
2.708758133533562e-006	1.965409e+001	3.118531e+001
2.732195633533562e-006	1.965403e+001	3.118088e+001
2.747820633533563e-006	1.965399e+001	3.117809e+001
2.763445633533563e-006	1.965396e+001	3.117542e+001
2.771258133533563e-006	1.965394e+001	3.117413e+001
2.779070633533563e-006	1.965392e+001	3.117287e+001
2.786883133533564e-006	1.965390e+001	3.117164e+001
2.794695633533564e-006	1.965389e+001	3.117043e+001
2.802508133533564e-006	1.965387e+001	3.116925e+001
2.810320633533564e-006	1.965385e+001	3.116810e+001
2.818133133533564e-006	1.965384e+001	3.116698e+001
2.825945633533564e-006	1.965382e+001	3.116587e+001
2.833758133533565e-006	1.965381e+001	3.116479e+001
2.841570633533565e-006	1.965379e+001	3.116374e+001
2.849383133533565e-006	1.965378e+001	3.116271e+001
2.857195633533565e-006	1.965376e+001	3.116170e+001
2.865008133533565e-006	1.965375e+001	3.116071e+001
2.872820633533566e-006	1.965374e+001	3.115974e+001
2.880633133533566e-006	1.965372e+001	3.115880e+001
2.888445633533566e-006	1.965371e+001	3.115787e+001
2.896258133533566e-006	1.965370e+001	3.115696e+001
2.904070633533566e-006	1.965368e+001	3.115608e+001
2.911883133533567e-006	1.965367e+001	3.115521e+001
2.919695633533567e-006	1.965366e+001	3.115436e+001
2.927508133533567e-006	1.965365e+001	3.115353e+001
2.935320633533567e-006	1.965364e+001	3.115271e+001
2.943133133533567e-006	1.965363e+001	3.115191e+001
2.950945633533568e-006	1.965361e+001	3.115113e+001
2.958758133533568e-006	1.965360e+001	3.115036e+001
2.966570633533568e-006	1.965359e+001	3.114961e+001
2.974383133533568e-006	1.965358e+001	3.114888e+001
2.982195633533568e-006	1.965357e+001	3.114816e+001
2.990008133533568e-006	1.965356e+001	3.114745e+001
2.992188499999999e-006	1.965356e+001	3.114725e+001
2.995640267067138e-006	1.965355e+001	3.114695e+001
3.000001000000000e-006	1.965358e+001	3.114659e+001
3.000001100000000e-006	1.965358e+001	3.114659e+001
3.000001300000000e-006	1.965358e+001	3.114658e+001
3.000001700000000e-006	1.965358e+001	3.114656e+001
3.000002000000000e-006	1.965358e+001	3.114655e+001
3.000002240000000e-006	1.965357e+001	3.114654e+001
3.000002560000000e-006	1.965357e+001	3.114654e+001
3.000003199999999e-006	1.965357e+001	3.114653e+001
3.000004479999999e-006	1.965356e+001	3.114651e+001
3.000007039999999e-006	1.965356e+001	3.114647e+001
3.000012159999998e-006	1.965355e+001	3.114642e+001
3.000022399999996e-006	1.965355e+001	3.114636e+001
3.000042879999992e-006	1.965354e+001	3.114631e+001
3.000071290963486e-006	1.965355e+001	3.114632e+001
3.000102331292004e-006	1.965355e+001	3.114636e+001
3.000142199096844e-006	1.965355e+001	3.114642e+001
3.000195731666276e-006	1.965355e+001	3.114648e+001
3.000287609120904e-006	1.965355e+001	3.114654e+001
3.000418213483885e-006	1.965355e+001	3.114658e+001
3.000569167886401e-006	1.965355e+001	3.114660e+001
3.000768156396281e-006	1.965355e+001	3.114661e+001
3.001147109494609e-006	1.965355e+001	3.114664e+001
3.001905015691264e-006	1.965355e+001	3.114668e+001
3.003420828084575e-006	1.965355e+001	3.114674e+001
3.004921089214543e-006	1.965356e+001	3.114678e+001
3.006846971866846e-006	1.965356e+001	3.114680e+001
3.008764189872457e-006	1.965355e+001	3.114676e+001
3.009940316616821e-006	1.965355e+001	3.114665e+001
3.010759751641591e-006	1.965355e+001	3.114646e+001
3.011465255036095e-006	1.965354e+001	3.114613e+001
3.012157643956410e-006	1.965353e+001	3.114554e+001
3.012866262524485e-006	1.965351e+001	3.114450e+001
3.013608534555075e-006	1.965348e+001	3.114266e+001
3.014360299346808e-006	1.965343e+001	3.113965e+001
3.015185878845401e-006	1.965334e+001	3.113455e+001
3.016113778895317e-006	1.965319e+001	3.112605e+001
3.017241608847533e-006	1.965293e+001	3.111120e+001
3.018688473669934e-006	1.965248e+001	3.108459e+001
3.020531937315916e-006	1.965175e+001	3.103983e+001
3.021868845307652e-006	1.965110e+001	3.099935e+001
3.022734703868295e-006	1.965062e+001	3.096811e+001
3.023697374766697e-006	1.965000e+001	3.092854e+001
3.024797031637829e-006	1.964921e+001	3.087685e+001
3.026996345380094e-006	1.964734e+001	3.075714e+001
3.029244996503305e-006	1.964509e+001	3.061433e+001
3.031707961152060e-006	1.964213e+001	3.043113e+001
3.034394754728697e-006	1.963818e+001	3.019695e+001
3.038316120228690e-006	1.963080e+001	2.979234e+001
3.043587581337077e-006	1.961734e+001	2.914680e+001
3.049277848700205e-006	1.959613e+001	2.832497e+001
3.054899657263218e-006	1.956232e+001	2.738139e+001
3.060841189115611e-006	1.949615e+001	2.624610e+001
3.066540533875535e-006	1.936651e+001	2.503473e+001
3.070372763402081e-006	1.917384e+001	2.414168e+001
3.073074753814123e-006	1.885878e+001	2.344905e+001
3.075886964340704e-006	1.827635e+001	2.266013e+001
3.078608747603939e-006	1.755000e+001	2.184788e+001
3.081154338935818e-006	1.681141e+001	2.105238e+001
3.084810740081822e-006	1.564879e+001	1.980556e+001
3.088018841234816e-006	1.436167e+001	1.843678e+001
3.090139722664986e-006	1.316799e+001	1.718042e+001
3.091407184209286e-006	1.223499e+001	1.620591e+001
3.092650969950579e-006	1.118939e+001	1.511778e+001
3.093758929247907e-006	1.020597e+001	1.409555e+001
3.094880757851505e-006	9.183404e+000	1.303271e+001
3.095937409507587e-006	8.210976e+000	1.202135e+001
3.097164567953145e-006	7.084064e+000	1.084759e+001
3.098443670274467e-006	5.927594e+000	9.639384e+000
3.100170482424914e-006	4.420291e+000	8.053364e+000
3.102161796660716e-006	2.824496e+000	6.327532e+000
3.104499612255011e-006	1.253185e+000	4.487302e+000
3.105862474325263e-006	5.952492e-001	3.553439e+000
3.106659269604213e-006	3.592030e-001	3.084291e+000
3.107441488034487e-006	2.173361e-001	2.673069e+000
3.108565833459183e-006	8.915530e-002	2.132807e+000
3.110036821101834e-006	-9.730434e-003	1.485147e+000
3.111145033674591e-006	-4.952825e-002	1.036898e+000
3.111606106035968e-006	-5.724303e-002	8.651432e-001
3.111885280959484e-006	-5.949511e-002	7.679885e-001
3.112022598145779e-006	-6.020237e-002	7.227634e-001
3.112111243891646e-006	-6.051262e-002	6.951781e-001
3.112199509400121e-006	-6.071988e-002	6.693963e-001
3.112287249474832e-006	-6.080831e-002	6.462649e-001
3.112462729624254e-006	-6.070399e-002	6.058116e-001
3.112600961671674e-006	-6.035874e-002	5.789927e-001
3.112787946523866e-006	-5.949604e-002	5.498325e-001
3.112956808376372e-006	-5.833463e-002	5.295457e-001
3.113279800129424e-006	-5.533024e-002	5.013162e-001
3.113728836987236e-006	-5.027314e-002	4.724951e-001
3.114208349663426e-006	-4.428492e-002	4.499342e-001
3.114835427180352e-006	-3.634578e-002	4.278522e-001
3.115557353166060e-006	-2.791191e-002	4.089172e-001
3.116792916737429e-006	-1.556985e-002	3.854966e-001
3.117951915621914e-006	-6.444365e-003	3.702311e-001
3.119434786576197e-006	2.115444e-003	3.573625e-001
3.120798625000993e-006	7.585423e-003	3.496996e-001
3.122777900612578e-006	1.269971e-002	3.432090e-001
3.124952109103530e-006	1.612205e-002	3.404753e-001
3.127996931025516e-006	1.891865e-002	3.441409e-001
3.131064141484229e-006	2.088276e-002	3.579081e-001
3.134115377584677e-006	2.254600e-002	3.802082e-001
3.135358191786824e-006	2.307002e-002	3.899121e-001
3.136586477709613e-006	2.333333e-002	3.981152e-001
3.138002889429494e-006	2.334749e-002	4.051981e-001
3.139379560333829e-006	2.308354e-002	4.089124e-001
3.141851607728834e-006	2.222069e-002	4.094819e-001
3.144160404571516e-006	2.125902e-002	4.050208e-001
3.146277730518760e-006	2.042848e-002	3.975891e-001
3.148616746171281e-006	1.974104e-002	3.879003e-001
3.150811220151117e-006	1.936327e-002	3.789198e-001
3.152985869546792e-006	1.923315e-002	3.709631e-001
3.155621215639236e-006	1.928236e-002	3.628703e-001
3.158817626844879e-006	1.946229e-002	3.547991e-001
3.162039175953105e-006	1.965827e-002	3.479458e-001
3.164732955882286e-006	1.978512e-002	3.428470e-001
3.167407930086962e-006	1.986394e-002	3.381307e-001
3.171439058024589e-006	1.993281e-002	3.314479e-001
3.176838222093504e-006	1.999657e-002	3.232988e-001
3.184650722093504e-006	2.007937e-002	3.130078e-001
3.192463222093505e-006	2.015384e-002	3.042608e-001
3.200275722093505e-006	2.021001e-002	2.968442e-001
3.208088222093505e-006	2.024869e-002	2.904356e-001
3.215900722093505e-006	2.027659e-002	2.848291e-001
3.223713222093505e-006	2.029697e-002	2.798764e-001
3.231525722093506e-006	2.031106e-002	2.754575e-001
3.239338222093506e-006	2.032031e-002	2.714813e-001
3.247150722093506e-006	2.032589e-002	2.678784e-001
3.254963222093506e-006	2.032851e-002	2.645931e-001
3.262775722093506e-006	2.032872e-002	2.615810e-001
3.270588222093506e-006	2.032696e-002	2.588058e-001
3.278400722093507e-006	2.032356e-002	2.562379e-001
3.286213222093507e-006	2.031877e-002	2.538527e-001
3.294025722093507e-006	2.031280e-002	2.516294e-001
3.301838222093507e-006	2.030582e-002	2.495507e-001
3.309650722093507e-006	2.029796e-002	2.476016e-001
3.317463222093508e-006	2.028932e-002	2.457695e-001
3.325275722093508e-006	2.028000e-002	2.440433e-001
3.333088222093508e-006	2.027006e-002	2.424133e-001
3.348713222093508e-006	2.024858e-002	2.394098e-001
3.364338222093509e-006	2.022529e-002	2.367032e-001
3.379963222093509e-006	2.020046e-002	2.342495e-001
3.387775722093509e-006	2.018754e-002	2.331062e-001
3.395588222093510e-006	2.017432e-002	2.320136e-001
3.403400722093510e-006	2.016081e-002	2.309683e-001
3.411213222093510e-006	2.014703e-002	2.299671e-001
3.419025722093510e-006	2.013300e-002	2.290074e-001
3.426838222093510e-006	2.011873e-002	2.280865e-001
3.434650722093510e-006	2.010424e-002	2.272023e-001
3.442463222093511e-006	2.008953e-002	2.263524e-001
3.458088222093511e-006	2.005951e-002	2.247482e-001
3.473713222093511e-006	2.002876e-002	2.232603e-001
3.489338222093512e-006	1.999734e-002	2.218766e-001
3.512775722093512e-006	1.994908e-002	2.199746e-001
3.536213222093513e-006	1.989962e-002	2.182557e-001
3.559650722093514e-006	1.984910e-002	2.166960e-001
3.583088222093514e-006	1.979767e-002	2.152759e-001
3.606525722093515e-006	1.974543e-002	2.139791e-001
3.625498936379229e-006	1.970252e-002	2.130217e-001
3.644472150664944e-006	1.965933e-002	2.121173e-001
3.663445364950659e-006	1.961586e-002	2.112658e-001
3.682418579236374e-006	1.957211e-002	2.104672e-001
3.701391793522088e-006	1.952808e-002	2.097215e-001
3.720365007807803e-006	1.948377e-002	2.090287e-001
3.739338222093518e-006	1.943919e-002	2.083889e-001
3.760543579236376e-006	1.938922e-002	2.077161e-001
3.781748936379233e-006	1.933923e-002	2.070806e-001
3.802954293522091e-006	1.928923e-002	2.064823e-001
3.824159650664949e-006	1.923921e-002	2.059213e-001
3.845365007807805e-006	1.918917e-002	2.053975e-001
3.866570364950663e-006	1.913912e-002	2.049110e-001
3.887775722093521e-006	1.908905e-002	2.044617e-001
3.895588222093521e-006	1.907066e-002	2.043008e-001
3.903400722093521e-006	1.905228e-002	2.041436e-001
3.911213222093522e-006	1.903392e-002	2.039900e-001
3.919025722093522e-006	1.901558e-002	2.038400e-001
3.926838222093522e-006	1.899726e-002	2.036934e-001
3.934650722093522e-006	1.897896e-002	2.035502e-001
3.942463222093522e-006	1.896068e-002	2.034102e-001
3.950275722093523e-006	1.894242e-002	2.032734e-001
3.958088222093523e-006	1.892418e-002	2.031397e-001
3.965900722093523e-006	1.890596e-002	2.030090e-001
3.973713222093523e-006	1.888777e-002	2.028813e-001
3.981525722093523e-006	1.886961e-002	2.027564e-001
3.989338222093524e-006	1.885146e-002	2.026339e-001
3.992187500000000e-006	1.884486e-002	2.025899e-001
3.994301444187048e-006	1.883995e-002	2.025575e-001
3.995772111625904e-006	1.883655e-002	2.025352e-001
3.997058665122287e-006	1.883355e-002	2.025157e-001
3.997426893007235e-006	1.883270e-002	2.025101e-001
3.998163348777130e-006	1.883099e-002	2.024990e-001
3.998527088460208e-006	1.883015e-002	2.024936e-001
3.999254567826364e-006	1.882772e-002	2.024856e-001
3.999255567826364e-006	1.882779e-002	2.024851e-001
3.999257567826364e-006	1.882800e-002	2.024837e-001
3.999261567826365e-006	1.882821e-002	2.024828e-001
3.999269567826367e-006	1.882835e-002	2.024824e-001
3.999285567826371e-006	1.882840e-002	2.024821e-001
3.999317567826379e-006	1.882834e-002	2.024817e-001
3.999381567826394e-006	1.882819e-002	2.024807e-001
3.999509567826425e-006	1.882789e-002	2.024788e-001
3.999765567826486e-006	1.882730e-002	2.024750e-001
3.999768567826487e-006	1.882729e-002	2.024749e-001
3.999772567826488e-006	1.882728e-002	2.024748e-001
3.999805058136990e-006	1.882721e-002	2.024744e-001
3.999837548447491e-006	1.882713e-002	2.024739e-001
3.999870038757993e-006	1.882706e-002	2.024734e-001
3.999902529068494e-006	1.882698e-002	2.024729e-001
3.999935019378996e-006	1.882691e-002	2.024724e-001
3.999967509689498e-006	1.882683e-002	2.024719e-001
4.000000000000000e-006	1.882675e-002	2.024714e-001
4.000000100000000e-006	1.882697e-002	2.024756e-001
4.000000300000000e-006	1.882746e-002	2.024860e-001
4.000000699999999e-006	1.882865e-002	2.025132e-001
4.000001000000000e-006	1.882967e-002	2.025381e-001
4.000001075912501e-006	1.882982e-002	2.025432e-001
4.000001227737501e-006	1.883009e-002	2.025531e-001
4.000001531387502e-006	1.883054e-002	2.025723e-001
4.000002138687503e-006	1.883121e-002	2.026080e-001
4.000003353287507e-006	1.883198e-002	2.026694e-001
4.000005435103160e-006	1.883257e-002	2.027533e-001
4.000007417224760e-006	1.883280e-002	2.028122e-001
4.000010295032052e-006	1.883304e-002	2.028727e-001
4.000013819799747e-006	1.883341e-002	2.029272e-001
4.000019931801913e-006	1.883416e-002	2.029997e-001
4.000029254336878e-006	1.883531e-002	2.030860e-001
4.000047899406807e-006	1.883748e-002	2.032103e-001
4.000085189546665e-006	1.884152e-002	2.033663e-001
4.000142806759902e-006	1.884735e-002	2.034976e-001
4.000206875238064e-006	1.885333e-002	2.035646e-001
4.000299813563514e-006	1.886102e-002	2.035923e-001
4.000440662318402e-006	1.887020e-002	2.035693e-001
4.000722359828177e-006	1.888020e-002	2.034362e-001
4.001285754847728e-006	1.887889e-002	2.030689e-001
4.002034284961462e-006	1.885068e-002	2.025099e-001
4.002772757326880e-006	1.880501e-002	2.019202e-001
4.003668367631883e-006	1.873544e-002	2.010020e-001
4.004255867709074e-006	1.867206e-002	1.999274e-001
4.004749366825319e-006	1.859464e-002	1.985369e-001
4.005127664352842e-006	1.852006e-002	1.973588e-001
4.005520158402855e-006	1.844160e-002	1.963659e-001
4.006030013202802e-006	1.836796e-002	1.957815e-001
4.006647652122104e-006	1.836100e-002	1.965392e-001
4.007310155907246e-006	1.850399e-002	1.997548e-001
4.007939770010754e-006	1.883440e-002	2.057817e-001
4.008462007142472e-006	1.929700e-002	2.134289e-001
4.009010771097320e-006	1.996704e-002	2.235538e-001
4.009609824113523e-006	2.082655e-002	2.354771e-001
4.010219140287971e-006	2.173169e-002	2.474181e-001
4.010885130407194e-006	2.266036e-002	2.600120e-001
4.011599222458029e-006	2.353901e-002	2.734869e-001
4.012508094928178e-006	2.450435e-002	2.911051e-001
4.013471825242593e-006	2.538620e-002	3.103780e-001
4.014487376459151e-006	2.617377e-002	3.312030e-001
4.015885355345785e-006	2.707606e-002	3.602999e-001
4.017166317495456e-006	2.774277e-002	3.871016e-001
4.018517843706163e-006	2.827657e-002	4.153185e-001
4.020415622288877e-006	2.882010e-002	4.546587e-001
4.022379978961163e-006	2.920592e-002	4.949837e-001
4.025165807494168e-006	2.957049e-002	5.515888e-001
4.028251845417757e-006	2.973408e-002	6.152622e-001
4.033455040550333e-006	2.834205e-002	7.419334e-001
4.037022423018536e-006	2.311454e-002	8.844527e-001
4.040318732367022e-006	1.157457e-002	1.124313e+000
4.044221503660543e-006	-7.166638e-003	1.580976e+000
4.048939166535922e-006	-2.747716e-002	2.352049e+000
4.054079016474693e-006	-4.259858e-002	3.382268e+000
4.056435589406204e-006	-4.603986e-002	3.911497e+000
4.057876749748342e-006	-3.986293e-002	4.256221e+000
4.058715948086736e-006	-1.756638e-002	4.467613e+000
4.059241401606810e-006	2.507656e-002	4.612604e+000
4.059840499496935e-006	1.257520e-001	4.801125e+000
4.060486494596671e-006	2.958550e-001	5.032747e+000
4.060822699893210e-006	4.131548e-001	5.166768e+000
4.061167184888112e-006	5.504099e-001	5.312200e+000
4.061518053287372e-006	6.938862e-001	5.462334e+000
4.062219790085892e-006	9.789120e-001	5.762686e+000
4.063214563311200e-006	1.376407e+000	6.187347e+000
4.064286993106214e-006	1.802537e+000	6.646889e+000
4.065761894783095e-006	2.394812e+000	7.286767e+000
4.067797073996224e-006	3.229978e+000	8.186714e+000
4.070676043402323e-006	4.448404e+000	9.493390e+000
4.075527959896819e-006	6.572641e+000	1.175829e+001
4.082112522476104e-006	9.488222e+000	1.485113e+001
4.089925022476104e-006	1.266143e+001	1.821113e+001
4.096764451510698e-006	1.478173e+001	2.046879e+001
4.104048337631974e-006	1.640730e+001	2.222184e+001
4.108988129968039e-006	1.739978e+001	2.329783e+001
4.114956700633336e-006	1.858559e+001	2.462642e+001
4.117224368636822e-006	1.894198e+001	2.512516e+001
4.119539894888919e-006	1.916322e+001	2.561301e+001
4.122171319967247e-006	1.931361e+001	2.614618e+001
4.124551402620037e-006	1.939841e+001	2.661227e+001
4.127621748528751e-006	1.946840e+001	2.719213e+001
4.130868833044163e-006	1.951747e+001	2.777758e+001
4.135270957112292e-006	1.956095e+001	2.852187e+001
4.140133150609186e-006	1.959195e+001	2.926315e+001
4.147945650609186e-006	1.962428e+001	3.030869e+001
4.151723004055103e-006	1.963539e+001	3.074199e+001
4.153939422017947e-006	1.964041e+001	3.094995e+001
4.155232720289735e-006	1.964302e+001	3.103959e+001
4.156567411066821e-006	1.964547e+001	3.109849e+001
4.157900272671531e-006	1.964756e+001	3.113526e+001
4.159237285646507e-006	1.964923e+001	3.116006e+001
4.160703377250800e-006	1.965059e+001	3.117966e+001
4.162917044479381e-006	1.965198e+001	3.120103e+001
4.166352847200594e-006	1.965331e+001	3.122442e+001
4.170253230411279e-006	1.965416e+001	3.124228e+001
4.174555885033724e-006	1.965464e+001	3.125484e+001
4.179838203496665e-006	1.965494e+001	3.126428e+001
4.186763481251761e-006	1.965514e+001	3.127151e+001
4.194575981251761e-006	1.965526e+001	3.127600e+001
4.202388481251761e-006	1.965531e+001	3.127838e+001
4.210200981251761e-006	1.965534e+001	3.127963e+001
4.218013481251761e-006	1.965536e+001	3.128030e+001
4.225825981251761e-006	1.965536e+001	3.128064e+001
4.233638481251762e-006	1.965537e+001	3.128080e+001
4.241450981251762e-006	1.965537e+001	3.128084e+001
4.249263481251762e-006	1.965537e+001	3.128081e+001
4.257075981251762e-006	1.965537e+001	3.128072e+001
4.264888481251762e-006	1.965537e+001	3.128059e+001
4.272700981251763e-006	1.965537e+001	3.128042e+001
4.280513481251763e-006	1.965537e+001	3.128020e+001
4.288325981251763e-006	1.965536e+001	3.127995e+001
4.296138481251763e-006	1.965536e+001	3.127964e+001
4.303950981251763e-006	1.965536e+001	3.127927e+001
4.311763481251764e-006	1.965535e+001	3.127882e+001
4.319575981251764e-006	1.965534e+001	3.127829e+001
4.327388481251764e-006	1.965534e+001	3.127765e+001
4.335200981251764e-006	1.965533e+001	3.127689e+001
4.343013481251764e-006	1.965532e+001	3.127597e+001
4.350825981251765e-006	1.965530e+001	3.127486e+001
4.358638481251765e-006	1.965529e+001	3.127354e+001
4.366450981251765e-006	1.965527e+001	3.127199e+001
4.374263481251765e-006	1.965525e+001	3.127018e+001
4.382075981251765e-006	1.965523e+001	3.126812e+001
4.389888481251765e-006	1.965520e+001	3.126583e+001
4.397700981251766e-006	1.965517e+001	3.126333e+001
4.405513481251766e-006	1.965513e+001	3.126066e+001
4.413325981251766e-006	1.965510e+001	3.125786e+001
4.421138481251766e-006	1.965506e+001	3.125498e+001
4.428950981251766e-006	1.965502e+001	3.125203e+001
4.436763481251767e-006	1.965498e+001	3.124905e+001
4.444575981251767e-006	1.965494e+001	3.124605e+001
4.452388481251767e-006	1.965490e+001	3.124304e+001
4.460200981251767e-006	1.965486e+001	3.124006e+001
4.468013481251767e-006	1.965482e+001	3.123709e+001
4.475825981251768e-006	1.965478e+001	3.123417e+001
4.483638481251768e-006	1.965474e+001	3.123129e+001
4.491450981251768e-006	1.965470e+001	3.122845e+001
4.499263481251768e-006	1.965466e+001	3.122567e+001
4.507075981251768e-006	1.965462e+001	3.122294e+001
4.514888481251769e-006	1.965459e+001	3.122026e+001
4.522700981251769e-006	1.965455e+001	3.121763e+001
4.530513481251769e-006	1.965451e+001	3.121506e+001
4.538325981251769e-006	1.965448e+001	3.121254e+001
4.553950981251769e-006	1.965441e+001	3.120766e+001
4.569575981251770e-006	1.965435e+001	3.120299e+001
4.593013481251770e-006	1.965425e+001	3.119636e+001
4.616450981251771e-006	1.965417e+001	3.119016e+001
4.639888481251772e-006	1.965409e+001	3.118437e+001
4.663325981251772e-006	1.965401e+001	3.117896e+001
4.686763481251773e-006	1.965394e+001	3.117391e+001
4.710200981251773e-006	1.965387e+001	3.116919e+001
4.733638481251774e-006	1.965381e+001	3.116479e+001
4.749263481251774e-006	1.965377e+001	3.116201e+001
4.764888481251775e-006	1.965374e+001	3.115936e+001
4.772700981251775e-006	1.965372e+001	3.115808e+001
4.780513481251775e-006	1.965370e+001	3.115683e+001
4.788325981251775e-006	1.965368e+001	3.115560e+001
4.796138481251775e-006	1.965367e+001	3.115440e+001
4.803950981251776e-006	1.965365e+001	3.115323e+001
4.811763481251776e-006	1.965363e+001	3.115208e+001
4.819575981251776e-006	1.965362e+001	3.115096e+001
4.827388481251776e-006	1.965360e+001	3.114987e+001
4.835200981251776e-006	1.965359e+001	3.114879e+001
4.843013481251776e-006	1.965357e+001	3.114775e+001
4.850825981251777e-006	1.965356e+001	3.114672e+001
4.858638481251777e-006	1.965354e+001	3.114571e+001
4.866450981251777e-006	1.965353e+001	3.114473e+001
4.874263481251777e-006	1.965351e+001	3.114377e+001
4.882075981251777e-006	1.965350e+001	3.114283e+001
4.889888481251778e-006	1.965349e+001	3.114191e+001
4.897700981251778e-006	1.965348e+001	3.114101e+001
4.905513481251778e-006	1.965346e+001	3.114013e+001
4.913325981251778e-006	1.965345e+001	3.113926e+001
4.921138481251778e-006	1.965344e+001	3.113842e+001
4.928950981251779e-006	1.965343e+001	3.113759e+001
4.936763481251779e-006	1.965342e+001	3.113678e+001
4.944575981251779e-006	1.965340e+001	3.113598e+001
4.952388481251779e-006	1.965339e+001	3.113521e+001
4.960200981251779e-006	1.965338e+001	3.113445e+001
4.968013481251780e-006	1.965337e+001	3.113370e+001
4.975825981251780e-006	1.965336e+001	3.113297e+001
4.983638481251780e-006	1.965335e+001	3.113225e+001
4.991450981251780e-006	1.965334e+001	3.113155e+001
4.992188500000000e-006	1.965334e+001	3.113148e+001
4.993663537496439e-006	1.965334e+001	3.113135e+001
4.996613612489317e-006	1.965334e+001	3.113109e+001
4.997292336821176e-006	1.965334e+001	3.113103e+001
4.998649785484895e-006	1.965330e+001	3.113086e+001
4.998650785484895e-006	1.965330e+001	3.113086e+001
4.998652785484895e-006	1.965331e+001	3.113087e+001
4.998656785484896e-006	1.965332e+001	3.113088e+001
4.998664785484898e-006	1.965333e+001	3.113090e+001
4.998680785484902e-006	1.965333e+001	3.113091e+001
4.998712785484910e-006	1.965333e+001	3.113090e+001
4.998769446480451e-006	1.965333e+001	3.113090e+001
4.998882768471532e-006	1.965333e+001	3.113089e+001
4.999109412453696e-006	1.965333e+001	3.113087e+001
4.999562700418025e-006	1.965333e+001	3.113083e+001
4.999563700418025e-006	1.965333e+001	3.113083e+001
4.999565700418025e-006	1.965333e+001	3.113083e+001
4.999569700418026e-006	1.965333e+001	3.113083e+001
4.999577700418028e-006	1.965333e+001	3.113083e+001
4.999593700418032e-006	1.965333e+001	3.113083e+001
5.000001000000000e-006	1.965333e+001	3.113079e+001
5.000001100000000e-006	1.965333e+001	3.113079e+001
5.000001300000000e-006	1.965333e+001	3.113078e+001
5.000001699999999e-006	1.965333e+001	3.113076e+001
5.000002000000000e-006	1.965333e+001	3.113075e+001
5.000002080000000e-006	1.965333e+001	3.113075e+001
5.000002240000000e-006	1.965333e+001	3.113074e+001
5.000002560000000e-006	1.965333e+001	3.113074e+001
5.000003200000000e-006	1.965333e+001	3.113073e+001
5.000004480000001e-006	1.965333e+001	3.113071e+001
5.000007040000001e-006	1.965333e+001	3.113068e+001
5.000012160000003e-006	1.965332e+001	3.113064e+001
5.000022400000005e-006	1.965332e+001	3.113058e+001
5.000042880000010e-006	1.965332e+001	3.113054e+001
5.000070487663173e-006	1.965333e+001	3.113054e+001
5.000101337651312e-006	1.965333e+001	3.113058e+001
5.000141133668910e-006	1.965333e+001	3.113065e+001
5.000195059934745e-006	1.965333e+001	3.113071e+001
5.000285658995694e-006	1.965333e+001	3.113077e+001
5.000417991109965e-006	1.965333e+001	3.113080e+001
5.000569250022704e-006	1.965333e+001	3.113082e+001
5.000770274208715e-006	1.965333e+001	3.113084e+001
5.001147188339063e-006	1.965333e+001	3.113087e+001
5.001901016599760e-006	1.965333e+001	3.113091e+001
5.003408673121154e-006	1.965334e+001	3.113097e+001
5.004911869693070e-006	1.965334e+001	3.113101e+001
5.006832538588028e-006	1.965334e+001	3.113103e+001
5.008774170417782e-006	1.965334e+001	3.113098e+001
5.009961823604788e-006	1.965333e+001	3.113087e+001
5.010785366982375e-006	1.965333e+001	3.113067e+001
5.011492972724643e-006	1.965332e+001	3.113034e+001
5.012187280477212e-006	1.965331e+001	3.112974e+001
5.012898569416750e-006	1.965329e+001	3.112866e+001
5.013643521596593e-006	1.965326e+001	3.112678e+001
5.014398948207994e-006	1.965320e+001	3.112369e+001
5.015229685876623e-006	1.965311e+001	3.111846e+001
5.016165522001040e-006	1.965296e+001	3.110972e+001
5.017306206836798e-006	1.965269e+001	3.109443e+001
5.018775674365769e-006	1.965223e+001	3.106701e+001
5.020599231622924e-006	1.965150e+001	3.102231e+001
5.021877769289210e-006	1.965088e+001	3.098337e+001
5.022736790854153e-006	1.965039e+001	3.095232e+001
5.023686479969675e-006	1.964978e+001	3.091329e+001
5.024799904778882e-006	1.964897e+001	3.086092e+001
5.027026754397295e-006	1.964708e+001	3.073956e+001
5.029287685117262e-006	1.964480e+001	3.059567e+001
5.031752951675501e-006	1.964182e+001	3.041183e+001
5.034447971500269e-006	1.963783e+001	3.017628e+001
5.038395718685921e-006	1.963033e+001	2.976770e+001
5.043703387836538e-006	1.961662e+001	2.911560e+001
5.049404214515566e-006	1.959508e+001	2.828962e+001
5.055021770959398e-006	1.956069e+001	2.734403e+001
5.060956189772838e-006	1.949300e+001	2.620721e+001
5.066659505896548e-006	1.935975e+001	2.499240e+001
5.070427629010212e-006	1.916423e+001	2.411232e+001
5.073113855351178e-006	1.884104e+001	2.342149e+001
5.075989384191993e-006	1.823627e+001	2.261324e+001
5.078472452832604e-006	1.757187e+001	2.187217e+001
5.081056543593647e-006	1.682281e+001	2.106539e+001
5.084715449477528e-006	1.567148e+001	1.983011e+001
5.087672107168916e-006	1.451792e+001	1.860213e+001
5.089765283008657e-006	1.338006e+001	1.740328e+001
5.091225283928352e-006	1.232560e+001	1.630127e+001
5.092893316184479e-006	1.091624e+001	1.483445e+001
5.095139406200887e-006	8.895679e+000	1.273359e+001
5.096972098943518e-006	7.221344e+000	1.099018e+001
5.098964385894594e-006	5.432896e+000	9.119493e+000
5.101084836371219e-006	3.632510e+000	7.210727e+000
5.103367817443729e-006	1.910224e+000	5.303072e+000
5.104992765843154e-006	9.475412e-001	4.095913e+000
5.106118344168775e-006	5.078036e-001	3.378547e+000
5.107173936953338e-006	2.639859e-001	2.794351e+000
5.108193194789065e-006	1.253025e-001	2.288518e+000
5.109477668273935e-006	2.275368e-002	1.705671e+000
5.110530617419754e-006	-2.574169e-002	1.263186e+000
5.111124288506115e-006	-4.010841e-002	1.030516e+000
5.111466678196904e-006	-4.444661e-002	9.037211e-001
5.111703487806712e-006	-4.630142e-002	8.197339e-001
5.111845738331090e-006	-4.706856e-002	7.711161e-001
5.111947271182353e-006	-4.747682e-002	7.375696e-001
5.112017619138390e-006	-4.769482e-002	7.150979e-001
5.112087463598809e-006	-4.784848e-002	6.936851e-001
5.112174544412539e-006	-4.797241e-002	6.684240e-001
5.112261946346074e-006	-4.798770e-002	6.454785e-001
5.112436750213144e-006	-4.775671e-002	6.054010e-001
5.112581132320628e-006	-4.730457e-002	5.775769e-001
5.112766403661877e-006	-4.635165e-002	5.489405e-001
5.112937768672948e-006	-4.509942e-002	5.286198e-001
5.113270129362179e-006	-4.191898e-002	4.999536e-001
5.113719864525004e-006	-3.681286e-002	4.714462e-001
5.114200720565117e-006	-3.085284e-002	4.490872e-001
5.114830640543186e-006	-2.303939e-002	4.271298e-001
5.115562507092351e-006	-1.472328e-002	4.080110e-001
5.116697880626796e-006	-3.781788e-003	3.864501e-001
5.117893955024646e-006	5.256739e-003	3.705457e-001
5.119319512594297e-006	1.311277e-002	3.579042e-001
5.120723796425172e-006	1.842544e-002	3.498411e-001
5.122624917410620e-006	2.301394e-002	3.434020e-001
5.124831632359501e-006	2.620532e-002	3.403996e-001
5.127773519579840e-006	2.866487e-002	3.435267e-001
5.130888662488466e-006	3.046850e-002	3.569865e-001
5.133925213260339e-006	3.199448e-002	3.788544e-001
5.135166094565143e-006	3.248560e-002	3.886206e-001
5.136441865485273e-006	3.274122e-002	3.973019e-001
5.137954471670404e-006	3.273876e-002	4.049726e-001
5.139426441774525e-006	3.244937e-002	4.090078e-001
5.141761365918197e-006	3.164664e-002	4.095716e-001
5.144101412989731e-006	3.070587e-002	4.050598e-001
5.146217789265323e-006	2.991919e-002	3.976833e-001
5.148551789625780e-006	2.927862e-002	3.880280e-001
5.150772311787829e-006	2.892854e-002	3.789303e-001
5.152907287945045e-006	2.881905e-002	3.711086e-001
5.155626804645215e-006	2.887646e-002	3.627074e-001
5.158432576841344e-006	2.903093e-002	3.554859e-001
5.160818303106124e-006	2.917742e-002	3.502455e-001
5.162703962054454e-006	2.927482e-002	3.465292e-001
5.164860717833148e-006	2.935638e-002	3.425440e-001
5.167090162777756e-006	2.941311e-002	3.385961e-001
5.169661930738457e-006	2.945312e-002	3.342595e-001
5.174805466659862e-006	2.950567e-002	3.261600e-001
5.180224876719228e-006	2.955443e-002	3.184205e-001
5.185505795075788e-006	2.959995e-002	3.118306e-001
5.193318295075788e-006	2.965594e-002	3.034035e-001
5.201130795075788e-006	2.969457e-002	2.961022e-001
5.208943295075789e-006	2.971897e-002	2.897847e-001
5.216755795075789e-006	2.973409e-002	2.842550e-001
5.224568295075789e-006	2.974206e-002	2.793638e-001
5.232380795075789e-006	2.974438e-002	2.749951e-001
5.240193295075789e-006	2.974241e-002	2.710612e-001
5.248005795075790e-006	2.973712e-002	2.674941e-001
5.255818295075790e-006	2.972913e-002	2.642394e-001
5.263630795075790e-006	2.971896e-002	2.612537e-001
5.271443295075790e-006	2.970700e-002	2.585014e-001
5.279255795075790e-006	2.969355e-002	2.559536e-001
5.287068295075790e-006	2.967884e-002	2.535861e-001
5.294880795075791e-006	2.966304e-002	2.513787e-001
5.302693295075791e-006	2.964632e-002	2.493140e-001
5.310505795075791e-006	2.962879e-002	2.473775e-001
5.318318295075791e-006	2.961054e-002	2.455567e-001
5.326130795075791e-006	2.959166e-002	2.438407e-001
5.333943295075792e-006	2.957221e-002	2.422201e-001
5.349568295075792e-006	2.953182e-002	2.392328e-001
5.365193295075792e-006	2.948974e-002	2.365397e-001
5.373005795075793e-006	2.946814e-002	2.352896e-001
5.380818295075793e-006	2.944621e-002	2.340976e-001
5.388630795075793e-006	2.942397e-002	2.329595e-001
5.396443295075793e-006	2.940145e-002	2.318716e-001
5.404255795075793e-006	2.937865e-002	2.308307e-001
5.412068295075794e-006	2.935559e-002	2.298336e-001
5.419880795075794e-006	2.933229e-002	2.288777e-001
5.435505795075794e-006	2.928501e-002	2.270794e-001
5.451130795075794e-006	2.923691e-002	2.254182e-001
5.466755795075795e-006	2.918805e-002	2.238790e-001
5.490193295075795e-006	2.911349e-002	2.217719e-001
5.513630795075796e-006	2.903759e-002	2.198756e-001
5.537068295075797e-006	2.896049e-002	2.181614e-001
5.560505795075797e-006	2.888234e-002	2.166057e-001
5.583943295075798e-006	2.880327e-002	2.151890e-001
5.607380795075798e-006	2.872341e-002	2.138951e-001
5.626354009361513e-006	2.865812e-002	2.129397e-001
5.645327223647227e-006	2.859257e-002	2.120370e-001
5.664300437932942e-006	2.852674e-002	2.111871e-001
5.683273652218657e-006	2.846064e-002	2.103898e-001
5.702246866504372e-006	2.839427e-002	2.096454e-001
5.721220080790087e-006	2.832762e-002	2.089537e-001
5.740193295075801e-006	2.826070e-002	2.083147e-001
5.761398652218659e-006	2.818579e-002	2.076428e-001
5.782604009361517e-006	2.811089e-002	2.070080e-001
5.803809366504375e-006	2.803601e-002	2.064104e-001
5.825014723647232e-006	2.796115e-002	2.058500e-001
5.846220080790090e-006	2.788631e-002	2.053267e-001
5.867425437932947e-006	2.781148e-002	2.048405e-001
5.888630795075805e-006	2.773667e-002	2.043915e-001
5.904255795075805e-006	2.768171e-002	2.040736e-001
5.912068295075806e-006	2.765427e-002	2.039202e-001
5.919880795075806e-006	2.762685e-002	2.037702e-001
5.927693295075806e-006	2.759946e-002	2.036237e-001
5.935505795075806e-006	2.757209e-002	2.034806e-001
5.943318295075806e-006	2.754476e-002	2.033407e-001
5.951130795075807e-006	2.751745e-002	2.032039e-001
5.958943295075807e-006	2.749017e-002	2.030703e-001
5.966755795075807e-006	2.746293e-002	2.029397e-001
5.974568295075807e-006	2.743572e-002	2.028120e-001
5.982380795075807e-006	2.740854e-002	2.026872e-001
5.990193295075808e-006	2.738140e-002	2.025646e-001
5.992187500000000e-006	2.737447e-002	2.025338e-001
5.996175909848385e-006	2.736052e-002	2.024746e-001
5.996176909848385e-006	2.736053e-002	2.024743e-001
5.996178909848386e-006	2.736057e-002	2.024735e-001
5.996182909848387e-006	2.736059e-002	2.024729e-001
5.996190909848388e-006	2.736058e-002	2.024726e-001
5.996206909848392e-006	2.736052e-002	2.024724e-001
5.996238909848400e-006	2.736042e-002	2.024719e-001
5.996302909848415e-006	2.736019e-002	2.024709e-001
5.996430909848446e-006	2.735975e-002	2.024690e-001
5.997198909848630e-006	2.735708e-002	2.024573e-001
5.998223909848875e-006	2.735353e-002	2.024419e-001
5.998229909848877e-006	2.735351e-002	2.024418e-001
6.000000000000000e-006	2.734737e-002	2.024151e-001
6.000000100000000e-006	2.734759e-002	2.024193e-001
6.000000300000000e-006	2.734808e-002	2.024297e-001
6.000000700000000e-006	2.734927e-002	2.024569e-001
6.000001000000000e-006	2.735029e-002	2.024818e-001
6.000001075912451e-006	2.735044e-002	2.024868e-001
6.000001227737352e-006	2.735070e-002	2.024968e-001
6.000001531387153e-006	2.735116e-002	2.025160e-001
6.000002138686757e-006	2.735182e-002	2.025517e-001
6.000003353285963e-006	2.735259e-002	2.026131e-001
6.000005435104292e-006	2.735317e-002	2.026970e-001
6.000007417224624e-006	2.735340e-002	2.027559e-001
6.000010295042352e-006	2.735364e-002	2.028164e-001
6.000013819819086e-006	2.735401e-002	2.028709e-001
6.000019931870336e-006	2.735475e-002	2.029433e-001
6.000029254488303e-006	2.735588e-002	2.030297e-001
6.000047899724237e-006	2.735800e-002	2.031540e-001
6.000085190196104e-006	2.736196e-002	2.033099e-001
6.000142808165336e-006	2.736766e-002	2.034413e-001
6.000206877300616e-006	2.737350e-002	2.035083e-001
6.000299816906453e-006	2.738097e-002	2.035360e-001
6.000440667717450e-006	2.738980e-002	2.035129e-001
6.000722369339446e-006	2.739914e-002	2.033797e-001
6.001285772583437e-006	2.739674e-002	2.030125e-001
6.002030331797848e-006	2.736775e-002	2.024565e-001
6.002766447481096e-006	2.732200e-002	2.018696e-001
6.003657039245914e-006	2.725347e-002	2.009628e-001
6.004246227182858e-006	2.719128e-002	1.998965e-001
6.004734269161577e-006	2.711663e-002	1.985293e-001
6.005112738128295e-006	2.704376e-002	1.973476e-001
6.005504125744386e-006	2.696710e-002	1.963425e-001
6.006005340731555e-006	2.689544e-002	1.957297e-001
6.006617979050812e-006	2.688628e-002	1.964022e-001
6.007280537855376e-006	2.702107e-002	1.994850e-001
6.007909447108257e-006	2.733589e-002	2.053332e-001
6.008427146146975e-006	2.777619e-002	2.127751e-001
6.008982591720892e-006	2.843021e-002	2.229280e-001
6.009579623648833e-006	2.925853e-002	2.347809e-001
6.010172831827068e-006	3.011125e-002	2.464154e-001
6.010841004021682e-006	3.101004e-002	2.590469e-001
6.011557575386013e-006	3.185549e-002	2.725280e-001
6.012433047607287e-006	3.274034e-002	2.894249e-001
6.013370782962434e-006	3.355139e-002	3.080999e-001
6.014376989722714e-006	3.428656e-002	3.286591e-001
6.015724962503825e-006	3.510641e-002	3.566397e-001
6.016926599305599e-006	3.569595e-002	3.817417e-001
6.018291725710666e-006	3.620736e-002	4.102313e-001
6.020014851531023e-006	3.667687e-002	4.459625e-001
6.022020724423461e-006	3.705081e-002	4.871753e-001
6.024550535184747e-006	3.736485e-002	5.386306e-001
6.027630943481137e-006	3.758928e-002	6.012412e-001
6.032280577997124e-006	3.702026e-002	7.057866e-001
6.035937836979602e-006	3.357775e-002	8.271396e-001
6.039067326546542e-006	2.501436e-002	1.018844e+000
6.043195314355575e-006	6.944613e-003	1.438688e+000
6.047055884774231e-006	-9.774419e-003	2.015910e+000
6.053027808492877e-006	-2.869409e-002	3.156490e+000
6.056002448554774e-006	-3.406457e-002	3.806553e+000
6.057794070566231e-006	-2.728414e-002	4.231668e+000
6.058835540709567e-006	1.221153e-003	4.494128e+000
6.059434182554728e-006	5.423645e-002	4.661355e+000
6.060050184466994e-006	1.636470e-001	4.857905e+000
6.060521837118760e-006	2.915182e-001	5.028741e+000
6.060830539240272e-006	3.994241e-001	5.151887e+000
6.061140943036980e-006	5.212849e-001	5.282057e+000
6.061474211540483e-006	6.569697e-001	5.424318e+000
6.062140748547487e-006	9.283531e-001	5.709692e+000
6.063108929744971e-006	1.316373e+000	6.123132e+000
6.064176404247064e-006	1.740567e+000	6.579984e+000
6.065548943476883e-006	2.290424e+000	7.173943e+000
6.067558049835627e-006	3.111566e+000	8.059095e+000
6.070210286648667e-006	4.225922e+000	9.255317e+000
6.074032176433476e-006	5.886455e+000	1.102787e+001
6.080547736536441e-006	8.775407e+000	1.409511e+001
6.088360236536441e-006	1.201926e+001	1.753053e+001
6.096172736536442e-006	1.456144e+001	2.023379e+001
6.103985236536442e-006	1.637360e+001	2.218419e+001
6.109027989321458e-006	1.738774e+001	2.328368e+001
6.115113019888106e-006	1.859179e+001	2.463485e+001
6.117424564565773e-006	1.895001e+001	2.514142e+001
6.119871009766866e-006	1.917643e+001	2.565441e+001
6.122607337268290e-006	1.932584e+001	2.620575e+001
6.125117243950126e-006	1.940990e+001	2.669376e+001
6.128369397617353e-006	1.947860e+001	2.730170e+001
6.131997758162035e-006	1.952839e+001	2.794521e+001
6.136935721927109e-006	1.957161e+001	2.875689e+001
6.142572308511615e-006	1.960286e+001	2.957969e+001
6.150207109689475e-006	1.963039e+001	3.054178e+001
6.153435562064050e-006	1.963881e+001	3.087795e+001
6.155275132650284e-006	1.964264e+001	3.101741e+001
6.156674076176384e-006	1.964523e+001	3.108331e+001
6.158084941169194e-006	1.964745e+001	3.112246e+001
6.159314368051006e-006	1.964898e+001	3.114534e+001
6.160805955509825e-006	1.965037e+001	3.116529e+001
6.162976838185165e-006	1.965175e+001	3.118639e+001
6.166443792872309e-006	1.965311e+001	3.121010e+001
6.170339701825550e-006	1.965396e+001	3.122803e+001
6.174663308236390e-006	1.965445e+001	3.124070e+001
6.179905668325260e-006	1.965475e+001	3.125011e+001
6.186839302886163e-006	1.965495e+001	3.125737e+001
6.194651802886163e-006	1.965507e+001	3.126189e+001
6.202464302886163e-006	1.965512e+001	3.126428e+001
6.210276802886163e-006	1.965515e+001	3.126554e+001
6.218089302886164e-006	1.965517e+001	3.126621e+001
6.225901802886164e-006	1.965518e+001	3.126656e+001
6.233714302886164e-006	1.965518e+001	3.126672e+001
6.241526802886164e-006	1.965518e+001	3.126676e+001
6.249339302886164e-006	1.965518e+001	3.126673e+001
6.257151802886165e-006	1.965518e+001	3.126664e+001
6.264964302886165e-006	1.965518e+001	3.126651e+001
6.272776802886165e-006	1.965518e+001	3.126634e+001
6.280589302886165e-006	1.965518e+001	3.126613e+001
6.288401802886165e-006	1.965517e+001	3.126587e+001
6.296214302886165e-006	1.965517e+001	3.126556e+001
6.304026802886166e-006	1.965517e+001	3.126518e+001
6.311839302886166e-006	1.965516e+001	3.126474e+001
6.319651802886166e-006	1.965516e+001	3.126420e+001
6.327464302886166e-006	1.965515e+001	3.126356e+001
6.335276802886166e-006	1.965514e+001	3.126279e+001
6.343089302886167e-006	1.965513e+001	3.126186e+001
6.350901802886167e-006	1.965512e+001	3.126075e+001
6.358714302886167e-006	1.965510e+001	3.125943e+001
6.366526802886167e-006	1.965508e+001	3.125787e+001
6.374339302886167e-006	1.965506e+001	3.125605e+001
6.382151802886168e-006	1.965504e+001	3.125398e+001
6.389964302886168e-006	1.965501e+001	3.125168e+001
6.397776802886168e-006	1.965498e+001	3.124917e+001
6.405589302886168e-006	1.965494e+001	3.124650e+001
6.413401802886168e-006	1.965491e+001	3.124370e+001
6.421214302886168e-006	1.965487e+001	3.124081e+001
6.429026802886169e-006	1.965483e+001	3.123787e+001
6.436839302886169e-006	1.965479e+001	3.123488e+001
6.444651802886169e-006	1.965475e+001	3.123188e+001
6.452464302886169e-006	1.965471e+001	3.122888e+001
6.460276802886169e-006	1.965467e+001	3.122589e+001
6.468089302886170e-006	1.965462e+001	3.122293e+001
6.475901802886170e-006	1.965459e+001	3.122001e+001
6.483714302886170e-006	1.965454e+001	3.121713e+001
6.491526802886170e-006	1.965451e+001	3.121430e+001
6.499339302886170e-006	1.965447e+001	3.121152e+001
6.507151802886171e-006	1.965443e+001	3.120879e+001
6.514964302886171e-006	1.965439e+001	3.120612e+001
6.522776802886171e-006	1.965436e+001	3.120349e+001
6.530589302886171e-006	1.965432e+001	3.120092e+001
6.538401802886171e-006	1.965429e+001	3.119841e+001
6.546214302886172e-006	1.965425e+001	3.119594e+001
6.554026802886172e-006	1.965422e+001	3.119353e+001
6.561839302886172e-006	1.965419e+001	3.119117e+001
6.569651802886172e-006	1.965415e+001	3.118887e+001
6.585276802886172e-006	1.965409e+001	3.118440e+001
6.608714302886173e-006	1.965400e+001	3.117807e+001
6.632151802886174e-006	1.965392e+001	3.117215e+001
6.655589302886174e-006	1.965384e+001	3.116663e+001
6.679026802886175e-006	1.965377e+001	3.116146e+001
6.702464302886175e-006	1.965370e+001	3.115664e+001
6.725901802886176e-006	1.965364e+001	3.115214e+001
6.741526802886176e-006	1.965360e+001	3.114931e+001
6.757151802886177e-006	1.965356e+001	3.114660e+001
6.764964302886177e-006	1.965354e+001	3.114529e+001
6.772776802886177e-006	1.965352e+001	3.114401e+001
6.780589302886177e-006	1.965351e+001	3.114276e+001
6.788401802886177e-006	1.965349e+001	3.114153e+001
6.796214302886178e-006	1.965347e+001	3.114034e+001
6.804026802886178e-006	1.965345e+001	3.113917e+001
6.811839302886178e-006	1.965344e+001	3.113802e+001
6.819651802886178e-006	1.965342e+001	3.113690e+001
6.827464302886178e-006	1.965341e+001	3.113581e+001
6.835276802886179e-006	1.965339e+001	3.113474e+001
6.843089302886179e-006	1.965338e+001	3.113369e+001
6.850901802886179e-006	1.965336e+001	3.113266e+001
6.858714302886179e-006	1.965335e+001	3.113166e+001
6.866526802886179e-006	1.965333e+001	3.113068e+001
6.874339302886180e-006	1.965332e+001	3.112972e+001
6.889964302886180e-006	1.965329e+001	3.112786e+001
6.897776802886180e-006	1.965328e+001	3.112696e+001
6.905589302886180e-006	1.965327e+001	3.112608e+001
6.913401802886180e-006	1.965326e+001	3.112522e+001
6.921214302886181e-006	1.965324e+001	3.112437e+001
6.929026802886181e-006	1.965323e+001	3.112355e+001
6.936839302886181e-006	1.965322e+001	3.112274e+001
6.944651802886181e-006	1.965321e+001	3.112194e+001
6.952464302886181e-006	1.965320e+001	3.112117e+001
6.960276802886182e-006	1.965319e+001	3.112041e+001
6.968089302886182e-006	1.965318e+001	3.111966e+001
6.975901802886182e-006	1.965317e+001	3.111893e+001
6.983714302886182e-006	1.965316e+001	3.111822e+001
6.991526802886182e-006	1.965315e+001	3.111751e+001
6.993511894227635e-006	1.965314e+001	3.111734e+001
6.996158682682906e-006	1.965316e+001	3.111712e+001
6.996159682682906e-006	1.965316e+001	3.111712e+001
6.996161682682907e-006	1.965315e+001	3.111712e+001
6.996165682682908e-006	1.965315e+001	3.111711e+001
6.996172049760613e-006	1.965314e+001	3.111711e+001
6.996182920940936e-006	1.965314e+001	3.111710e+001
6.996204663301583e-006	1.965314e+001	3.111710e+001
6.996248148022878e-006	1.965314e+001	3.111710e+001
6.996335117465467e-006	1.965314e+001	3.111709e+001
6.996509056350646e-006	1.965314e+001	3.111707e+001
6.996856934121004e-006	1.965314e+001	3.111704e+001
6.997552689661719e-006	1.965314e+001	3.111698e+001
6.998609488918570e-006	1.965314e+001	3.111689e+001
6.998610488918570e-006	1.965314e+001	3.111689e+001
6.998612488918571e-006	1.965314e+001	3.111689e+001
6.998616488918572e-006	1.965314e+001	3.111689e+001
6.998624488918574e-006	1.965314e+001	3.111689e+001
6.998640488918577e-006	1.965314e+001	3.111689e+001
7.000001000000000e-006	1.965314e+001	3.111677e+001
7.000001100000000e-006	1.965314e+001	3.111677e+001
7.000001300000000e-006	1.965314e+001	3.111676e+001
7.000001700000000e-006	1.965314e+001	3.111674e+001
7.000002000000000e-006	1.965313e+001	3.111673e+001
7.000002080000001e-006	1.965313e+001	3.111672e+001
7.000002240000000e-006	1.965313e+001	3.111672e+001
7.000002560000001e-006	1.965313e+001	3.111672e+001
7.000003200000001e-006	1.965313e+001	3.111670e+001
7.000004480000001e-006	1.965313e+001	3.111669e+001
7.000007040000002e-006	1.965313e+001	3.111666e+001
7.000012160000003e-006	1.965313e+001	3.111662e+001
7.000022400000006e-006	1.965313e+001	3.111656e+001
7.000042880000011e-006	1.965313e+001	3.111652e+001
7.000070680484755e-006	1.965313e+001	3.111652e+001
7.000101643347186e-006	1.965313e+001	3.111656e+001
7.000141742938766e-006	1.965314e+001	3.111662e+001
7.000195989331891e-006	1.965314e+001	3.111669e+001
7.000287840132112e-006	1.965314e+001	3.111674e+001
7.000420938894106e-006	1.965314e+001	3.111678e+001
7.000573446268670e-006	1.965314e+001	3.111680e+001
7.000777082063946e-006	1.965314e+001	3.111682e+001
7.001164365364557e-006	1.965314e+001	3.111684e+001
7.001938931965782e-006	1.965314e+001	3.111689e+001
7.003469666099143e-006	1.965314e+001	3.111695e+001
7.004969814307806e-006	1.965314e+001	3.111699e+001
7.006910712191911e-006	1.965314e+001	3.111701e+001
7.008852266969133e-006	1.965314e+001	3.111696e+001
7.010024919675327e-006	1.965314e+001	3.111684e+001
7.010842550595815e-006	1.965314e+001	3.111663e+001
7.011549202902801e-006	1.965313e+001	3.111628e+001
7.012245090216368e-006	1.965312e+001	3.111563e+001
7.013037932619927e-006	1.965309e+001	3.111435e+001
7.013752490609935e-006	1.965306e+001	3.111239e+001
7.014549849203485e-006	1.965299e+001	3.110887e+001
7.015373085119574e-006	1.965289e+001	3.110330e+001
7.016359274466575e-006	1.965272e+001	3.109348e+001
7.017524275742791e-006	1.965244e+001	3.107688e+001
7.019103777098049e-006	1.965192e+001	3.104587e+001
7.020831384516898e-006	1.965120e+001	3.100199e+001
7.021948106923352e-006	1.965064e+001	3.096712e+001
7.022797335143729e-006	1.965015e+001	3.093603e+001
7.023719425695870e-006	1.964956e+001	3.089785e+001
7.024904166154736e-006	1.964869e+001	3.084152e+001
7.027273647072469e-006	1.964663e+001	3.070994e+001
7.029817075867886e-006	1.964399e+001	3.054427e+001
7.032195015668311e-006	1.964100e+001	3.036195e+001
7.035089483717952e-006	1.963652e+001	3.010135e+001
7.039129204228830e-006	1.962837e+001	2.966900e+001
7.045087339987324e-006	1.961145e+001	2.890653e+001
7.051402959337326e-006	1.958385e+001	2.794916e+001
7.057334866367259e-006	1.953934e+001	2.690404e+001
7.063002002720647e-006	1.945185e+001	2.576984e+001
7.068759689962230e-006	1.925856e+001	2.449287e+001
7.071997879726486e-006	1.899249e+001	2.370096e+001
7.074682283231271e-006	1.853356e+001	2.297403e+001
7.077587217628866e-006	1.780506e+001	2.212474e+001
7.079962419472828e-006	1.713136e+001	2.139788e+001
7.082699505455350e-006	1.631100e+001	2.051585e+001
7.086248766959344e-006	1.509855e+001	1.921929e+001
7.088699050861364e-006	1.398458e+001	1.803919e+001
7.090468133745906e-006	1.286827e+001	1.686801e+001
7.091839005693885e-006	1.179467e+001	1.574860e+001
7.093262808925264e-006	1.056171e+001	1.446632e+001
7.094571642260261e-006	9.379390e+000	1.323736e+001
7.095880129593276e-006	8.178398e+000	1.198824e+001
7.097214165201237e-006	6.956857e+000	1.071553e+001
7.098774912023995e-006	5.552851e+000	9.247528e+000
7.100369640512348e-006	4.178628e+000	7.797160e+000
7.102600791549821e-006	2.425554e+000	5.888754e+000
7.104539486115543e-006	1.161397e+000	4.385692e+000
7.105711314815504e-006	6.164135e-001	3.593901e+000
7.106509650228488e-006	3.820045e-001	3.124612e+000
7.107291516897781e-006	2.379452e-001	2.711912e+000
7.108423199003395e-006	1.087136e-001	2.167114e+000
7.109948180467781e-006	6.881958e-003	1.492977e+000
7.110859242041656e-006	-2.497123e-002	1.121801e+000
7.111364816623875e-006	-3.285141e-002	9.305627e-001
7.111657673256577e-006	-3.508943e-002	8.258587e-001
7.111840282657636e-006	-3.591413e-002	7.635348e-001
7.111957521579648e-006	-3.625268e-002	7.251773e-001
7.112032712367035e-006	-3.639251e-002	7.016407e-001
7.112110988659264e-006	-3.647675e-002	6.783610e-001
7.112191972837919e-006	-3.648221e-002	6.560848e-001
7.112321299351449e-006	-3.633095e-002	6.243931e-001
7.112475449324484e-006	-3.591619e-002	5.918129e-001
7.112634068689271e-006	-3.520996e-002	5.640557e-001
7.112803741306235e-006	-3.413101e-002	5.405124e-001
7.113020716500251e-006	-3.228395e-002	5.180569e-001
7.113454666888284e-006	-2.770712e-002	4.858069e-001
7.113973612355531e-006	-2.152236e-002	4.576937e-001
7.114492118941840e-006	-1.512129e-002	4.370748e-001
7.115183853930349e-006	-7.026853e-003	4.164654e-001
7.116086946125440e-006	2.157705e-003	3.965552e-001
7.117368870391709e-006	1.266109e-002	3.764089e-001
7.118594657161175e-006	2.015555e-002	3.632504e-001
7.120055153940606e-006	2.635921e-002	3.530062e-001
7.121623706160698e-006	3.072917e-002	3.460934e-001
7.123782868471113e-006	3.436217e-002	3.411432e-001
7.126280991858689e-006	3.678015e-002	3.407948e-001
7.129456768449797e-006	3.867229e-002	3.492289e-001
7.132206049950480e-006	4.001852e-002	3.653058e-001
7.134169455086098e-006	4.089693e-002	3.809184e-001
7.135427697204068e-006	4.131300e-002	3.908787e-001
7.136577923148176e-006	4.144853e-002	3.981079e-001
7.138878375036393e-006	4.120052e-002	4.070565e-001
7.141392372945124e-006	4.047616e-002	4.098391e-001
7.143678167477772e-006	3.959581e-002	4.063008e-001
7.145877921968272e-006	3.878067e-002	3.989975e-001
7.147973582610631e-006	3.819008e-002	3.903981e-001
7.150225749299684e-006	3.780984e-002	3.810040e-001
7.152421644899402e-006	3.766631e-002	3.726534e-001
7.154789637847799e-006	3.769275e-002	3.650168e-001
7.157969906699369e-006	3.785223e-002	3.564211e-001
7.159594002048187e-006	3.794955e-002	3.526689e-001
7.161459444777645e-006	3.805017e-002	3.488654e-001
7.163816880599009e-006	3.814677e-002	3.443834e-001
7.166110337468600e-006	3.820843e-002	3.402541e-001
7.169281652286356e-006	3.825699e-002	3.348150e-001
7.172872589011586e-006	3.828925e-002	3.290153e-001
7.177880695322711e-006	3.832419e-002	3.216198e-001
7.183946253039675e-006	3.836612e-002	3.136690e-001
7.190416472276839e-006	3.840480e-002	3.063168e-001
7.198228972276839e-006	3.843601e-002	2.986535e-001
7.206041472276839e-006	3.845261e-002	2.919995e-001
7.213853972276839e-006	3.845915e-002	2.861976e-001
7.221666472276839e-006	3.845851e-002	2.810854e-001
7.229478972276840e-006	3.845206e-002	2.765351e-001
7.237291472276840e-006	3.844116e-002	2.724491e-001
7.245103972276840e-006	3.842687e-002	2.687532e-001
7.252916472276840e-006	3.840987e-002	2.653884e-001
7.260728972276840e-006	3.839066e-002	2.623074e-001
7.268541472276841e-006	3.836966e-002	2.594723e-001
7.276353972276841e-006	3.834716e-002	2.568516e-001
7.284166472276841e-006	3.832341e-002	2.544197e-001
7.291978972276841e-006	3.829859e-002	2.521549e-001
7.299791472276841e-006	3.827286e-002	2.500389e-001
7.307603972276841e-006	3.824632e-002	2.480562e-001
7.315416472276842e-006	3.821909e-002	2.461936e-001
7.323228972276842e-006	3.819123e-002	2.444397e-001
7.331041472276842e-006	3.816281e-002	2.427845e-001
7.346666472276842e-006	3.810453e-002	2.397364e-001
7.354478972276843e-006	3.807475e-002	2.383292e-001
7.362291472276843e-006	3.804459e-002	2.369917e-001
7.370103972276843e-006	3.801408e-002	2.357186e-001
7.377916472276843e-006	3.798324e-002	2.345052e-001
7.385728972276843e-006	3.795210e-002	2.333472e-001
7.393541472276844e-006	3.792067e-002	2.322408e-001
7.401353972276844e-006	3.788898e-002	2.311824e-001
7.409166472276844e-006	3.785703e-002	2.301691e-001
7.424791472276844e-006	3.779244e-002	2.282661e-001
7.440416472276845e-006	3.772698e-002	2.265120e-001
7.456041472276845e-006	3.766074e-002	2.248898e-001
7.479478972276846e-006	3.756006e-002	2.226738e-001
7.502916472276846e-006	3.745797e-002	2.206839e-001
7.526353972276847e-006	3.735463e-002	2.188886e-001
7.549791472276847e-006	3.725018e-002	2.172619e-001
7.573228972276848e-006	3.714477e-002	2.157827e-001
7.596666472276849e-006	3.703850e-002	2.144334e-001
7.615639686562562e-006	3.695180e-002	2.134384e-001
7.634612900848275e-006	3.686481e-002	2.124988e-001
7.653586115133988e-006	3.677752e-002	2.116146e-001
7.672559329419702e-006	3.668995e-002	2.107858e-001
7.691532543705414e-006	3.660208e-002	2.100123e-001
7.710505757991128e-006	3.651391e-002	2.092941e-001
7.729478972276841e-006	3.642546e-002	2.086314e-001
7.750684329419697e-006	3.632646e-002	2.079347e-001
7.771889686562551e-006	3.622749e-002	2.072766e-001
7.793095043705407e-006	3.612855e-002	2.066573e-001
7.814300400848262e-006	3.602963e-002	2.060767e-001
7.835505757991118e-006	3.593075e-002	2.055348e-001
7.856711115133972e-006	3.583189e-002	2.050316e-001
7.877916472276828e-006	3.573307e-002	2.045671e-001
7.893541472276827e-006	3.566044e-002	2.042383e-001
7.909166472276826e-006	3.558794e-002	2.039245e-001
7.924791472276824e-006	3.551555e-002	2.036249e-001
7.932603972276824e-006	3.547941e-002	2.034803e-001
7.940416472276823e-006	3.544331e-002	2.033389e-001
7.948228972276822e-006	3.540725e-002	2.032008e-001
7.956041472276822e-006	3.537121e-002	2.030657e-001
7.963853972276821e-006	3.533523e-002	2.029338e-001
7.971666472276820e-006	3.529928e-002	2.028047e-001
7.979478972276820e-006	3.526337e-002	2.026786e-001
7.987291472276819e-006	3.522751e-002	2.025550e-001
7.992187500000000e-006	3.520506e-002	2.024792e-001
8.000000000000000e-006	3.516869e-002	2.023609e-001
